0
0
0
0
0
0
0
3
38
103
165
211
205
200
148
90
30
0
0
0
0
0
0
0
0
0
0
0
0
0
0
2
36
114
166
184
204
185
157
98
26
0
0
0
0
0
0
0
0
0
0
0
0
0
0
2
43
123
168
219
325
226
130
81
15
0
0
0
0
0
0
0
0
0
0
0
0
0
0
5
45
128
178
157
193
194
173
78
22
0
0
0
0
0
0
0
0
0
0
0
0
0
0
3
41
165
259
320
242
125
220
85
39
0
0
0
0
0
0
0
0
0
0
0
0
0
0
8
69
210
306
387
402
263
211
75
25
0
0
0
0
0
0
0
0
0
0
0
0
0
0
1
60
184
332
371
389
385
257
153
45
0
0
0
0
0
0
0
0
0
0
0
0
0
0
2
29
96
174
200
271
343
168
104
26
0
0
0
0
0
0
0
0
0
0
0
0
0
0
0
28
98
165
186
216
234
141
126
20
0
0
0
0
0
0
0
0
0
0
0
0
0
0
2
56
166
259
282
130
236
253
161
31
1
0
0
0
0
0
0
0
0
0
0
0
0
0
0
28
60
175
152
122
180
137
63
32
2
0
0
0
0
0
0
0
0
0
0
0
0
0
2
46
128
174
228
235
208
182
109
42
1
0
0
0
0
0
0
0
0
0
0
0
0
0
1
33
111
177
153
138
212
217
178
32
0
0
0
0
0
0
0
0
0
0
0
0
0
0
2
20
84
115
163
192
152
128
83
34
2
0
0
0
0
0
0
0
0
0
0
0
0
0
2
40
107
208
341
434
362
287
179
56
3
0
0
0
0
0
0
0
0
0
0
0
0
0
3
59
144
262
185
240
138
148
87
32
1
0
0
0
0
0
0
0
0
0
0
0
0
0
1
35
72
165
214
140
258
247
207
53
3
0
0
0
0
0
0
0
0
0
0
0
0
0
0
31
90
154
165
184
166
166
100
40
4
0
0
0
0
0
0
0
0
0
0
0
0
0
4
50
117
181
233
231
238
186
125
51
5
0
0
0
0
0
0
0
0
0
0
0
0
0
2
44
121
196
249
204
134
211
91
32
4
0
0
0
0
0
0
0
0
0
0
0
0
0
1
35
139
187
236
232
336
146
127
58
4
0
0
0
0
0
0
0
0
0
0
0
0
0
1
50
83
164
202
194
180
161
127
47
7
0
0
0
0
0
0
0
0
0
0
0
0
0
5
50
132
185
240
252
235
206
136
56
8
0
0
0
0
0
0
0
0
0
0
0
0
0
2
40
91
186
227
169
378
326
219
72
4
0
0
0
0
0
0
0
0
0
0
0
0
0
5
48
67
141
219
235
220
157
107
61
8
0
0
0
0
0
0
0
0
0
0
0
0
0
6
55
108
137
227
225
180
102
171
65
3
0
0
0
0
0
0
0
0
0
0
0
0
0
4
33
103
181
262
288
286
199
95
35
4
0
0
0
0
0
0
0
0
0
0
0
0
0
8
47
115
163
239
240
249
197
138
64
11
0
0
0
0
0
0
0
0
0
0
0
0
0
7
63
131
195
253
262
263
221
154
72
11
0
0
0
0
0
0
0
0
0
0
0
0
0
8
60
154
213
260
287
254
214
154
68
12
0
0
0
0
0
0
0
0
0
0
0
0
0
12
67
186
360
495
488
355
167
101
46
12
0
0
0
0
0
0
0
0
0
0
0
0
0
14
103
163
190
275
252
181
156
117
52
6
0
0
0
0
0
0
0
0
0
0
0
0
0
6
52
121
108
230
260
233
184
77
42
7
0
0
0
0
0
0
0
0
0
0
0
0
0
11
72
171
242
264
295
270
296
288
132
27
0
0
0
0
0
0
0
0
0
0
0
0
0
8
68
129
234
263
246
275
234
154
88
19
0
0
0
0
0
0
0
0
0
0
0
0
0
14
92
173
252
294
314
344
303
160
64
16
0
0
0
0
0
0
0
0
0
0
0
0
0
11
76
167
250
300
329
305
283
200
113
27
0
0
0
0
0
0
0
0
0
0
0
0
0
14
71
255
413
465
255
191
230
320
123
23
0
0
0
0
0
0
0
0
0
0
0
0
0
20
126
165
237
443
311
357
194
189
74
27
0
0
0
0
0
0
0
0
0
0
0
0
0
16
84
134
231
388
358
390
256
199
156
27
0
0
0
0
0
0
0
0
0
0
0
0
0
17
55
118
247
476
368
548
408
266
125
32
0
0
0
0
0
0
0
0
0
0
0
0
0
15
45
109
195
273
240
226
413
270
100
19
0
0
0
0
0
0
0
0
0
0
0
0
0
25
145
317
461
530
458
545
354
341
169
38
0
0
0
0
0
0
0
0
0
0
0
0
0
12
49
128
204
289
163
167
138
98
94
15
0
0
0
0
0
0
0
0
0
0
0
0
0
17
66
130
216
250
384
443
322
144
100
12
0
0
0
0
0
0
0
0
0
0
0
0
0
8
86
121
99
231
229
274
201
165
90
26
0
0
0
0
0
0
0
0
0
0
0
0
0
18
80
215
322
507
550
467
287
292
108
27
0
0
0
0
0
0
0
0
0
0
0
0
0
17
126
259
351
393
481
512
253
230
112
31
0
0
0
0
0
0
0
0
0
0
0
0
0
31
150
320
430
514
542
515
413
296
128
40
0
0
0
0
0
0
0
0
0
0
0
0
0
32
164
256
348
454
539
534
435
286
139
17
0
0
0
0
0
0
0
0
0
0
0
0
0
27
58
110
196
272
242
251
267
171
110
35
0
0
0
0
0
0
0
0
0
0
0
0
0
15
64
114
143
167
190
188
156
197
74
21
0
0
0
0
0
0
0
0
0
0
0
0
0
15
96
181
239
289
297
297
262
200
106
29
0
0
0
0
0
0
0
0
0
0
0
0
0
19
76
165
207
255
288
311
239
180
142
50
0
0
0
0
0
0
0
0
0
0
0
0
0
25
178
260
350
543
530
519
347
240
178
50
0
0
0
0
0
0
0
0
0
0
0
0
0
42
197
242
338
168
202
226
205
206
112
34
0
0
0
0
0
0
0
0
0
0
0
0
0
22
109
180
234
277
303
279
256
184
122
38
1
0
0
0
0
0
0
0
0
0
0
0
0
36
123
232
274
490
570
382
460
175
157
28
0
0
0
0
0
0
0
0
0
0
0
0
0
22
81
219
415
442
464
255
292
188
200
52
0
0
0
0
0
0
0
0
0
0
0
0
0
11
69
154
174
269
266
255
240
205
182
58
0
0
0
0
0
0
0
0
0
0
0
0
0
32
92
138
189
224
282
288
235
188
130
39
2
0
0
0
0
0
0
0
0
0
0
0
2
60
239
425
515
657
602
669
565
443
258
77
5
0
0
0
0
0
0
0
0
0
0
0
0
16
53
119
155
203
187
179
177
141
90
32
2
0
0
0
0
0
0
0
0
0
0
0
2
37
121
314
388
541
617
629
510
357
213
58
2
0
0
0
0
0
0
0
0
0
0
0
2
65
227
396
521
339
209
260
298
168
135
37
2
0
0
0
0
0
0
0
0
0
0
0
2
50
146
225
315
381
401
335
451
229
131
41
4
0
0
0
0
0
0
0
0
0
0
0
1
34
203
454
605
701
737
711
618
469
278
73
9
0
0
0
0
0
0
0
0
0
0
0
7
32
106
224
312
304
305
368
334
273
164
75
3
0
0
0
0
0
0
0
0
0
0
0
4
37
123
187
231
273
384
586
409
144
83
20
1
0
0
0
0
0
0
0
0
0
0
0
4
49
121
185
164
185
213
205
164
126
90
35
4
0
0
0
0
0
0
0
0
0
0
0
6
56
157
233
288
330
370
322
416
458
295
107
14
0
0
0
0
0
0
0
0
0
0
0
2
36
98
443
611
716
744
714
625
483
298
109
14
0
0
0
0
0
0
0
0
0
0
0
10
104
291
441
568
711
744
713
589
419
179
67
12
0
0
0
0
0
0
0
0
0
0
0
5
38
142
393
545
672
694
358
442
229
142
51
6
0
0
0
0
0
0
0
0
0
0
0
11
52
102
200
192
192
183
286
258
217
225
43
6
0
0
0
0
0
0
0
0
0
0
0
11
43
64
114
145
291
320
358
299
242
159
67
11
0
0
0
0
0
0
0
0
0
0
0
11
73
154
253
298
324
375
326
315
233
164
71
11
0
0
0
0
0
0
0
0
0
0
0
14
84
165
247
340
343
352
363
309
245
157
71
13
0
0
0
0
0
0
0
0
0
0
0
15
70
169
249
313
344
639
523
234
299
104
45
10
0
0
0
0
0
0
0
0
0
0
0
13
30
105
204
277
349
393
341
198
141
171
70
13
0
0
0
0
0
0
0
0
0
0
0
16
87
169
259
325
366
324
311
302
197
141
47
8
0
0
0
0
0
0
0
0
0
0
0
24
151
347
531
674
770
802
770
670
482
255
62
16
0
0
0
0
0
0
0
0
0
0
0
28
146
280
443
632
592
714
448
237
232
117
127
20
0
0
0
0
0
0
0
0
0
0
0
26
125
247
215
245
174
196
185
156
136
94
42
17
0
0
0
0
0
0
0
0
0
0
0
26
102
206
332
513
309
412
327
323
323
218
79
19
0
0
0
0
0
0
0
0
0
0
0
14
88
162
309
396
636
792
747
629
502
315
123
18
0
0
0
0
0
0
0
0
0
0
0
37
187
389
581
721
820
850
810
710
563
368
164
30
0
0
0
0
0
0
0
0
0
0
0
30
134
302
454
616
752
826
792
696
477
332
134
28
0
0
0
0
0
0
0
0
0
0
0
14
62
76
230
278
475
774
780
687
500
299
140
26
0
0
0
0
0
0
0
0
0
0
0
23
155
345
513
671
697
659
177
165
465
110
52
17
0
0
0
0
0
0
0
0
0
0
0
33
183
384
563
708
740
678
277
262
197
264
88
25
0
0
0
0
0
0
0
0
0
0
0
10
62
92
149
295
313
223
349
193
161
198
163
29
0
0
0
0
0
0
0
0
0
0
0
27
103
138
213
665
815
835
799
703
556
346
149
27
0
0
0
0
0
0
0
0
0
0
0
20
106
88
148
309
331
424
362
337
267
183
97
26
0
0
0
0
0
0
0
0
0
0
0
29
99
345
355
301
302
197
172
334
209
136
95
22
0
0
0
0
0
0
0
0
0
0
0
12
134
225
226
306
554
574
270
454
383
365
139
22
0
0
0
0
0
0
0
0
0
0
0
46
139
223
337
370
299
322
361
310
123
151
108
36
0
0
0
0
0
0
0
0
0
0
0
39
163
391
549
699
772
822
771
679
470
177
101
28
0
0
0
0
0
0
0
0
0
0
1
55
229
388
476
698
792
853
814
718
569
382
182
36
0
0
0
0
0
0
0
0
0
0
2
59
212
200
205
329
368
702
724
557
351
325
175
43
0
0
0
0
0
0
0
0
0
0
0
63
221
440
623
755
838
865
822
726
582
370
132
43
0
0
0
0
0
0
0
0
0
0
0
56
227
424
601
744
824
852
810
712
561
374
178
36
0
0
0
0
0
0
0
0
0
0
0
54
193
421
583
740
820
676
802
700
552
268
26
31
0
0
0
0
0
0
0
0
0
0
6
61
112
412
550
786
862
889
847
751
610
426
220
50
0
0
0
0
0
0
0
0
0
0
7
89
278
477
608
741
808
868
799
707
551
368
121
26
0
0
0
0
0
0
0
0
0
0
3
68
220
447
558
708
745
734
721
278
531
348
163
40
0
0
0
0
0
0
0
0
0
0
6
81
265
469
574
712
816
829
792
683
553
367
203
44
0
0
0
0
0
0
0
0
0
0
6
72
162
73
196
181
232
337
322
333
331
398
217
40
0
0
0
0
0
0
0
0
0
0
10
98
165
396
614
733
758
742
792
586
366
332
84
45
0
0
0
0
0
0
0
0
0
0
3
43
133
229
225
315
408
556
316
728
422
185
99
17
0
0
0
0
0
0
0
0
0
0
3
47
212
408
458
564
786
603
545
308
235
222
96
29
0
0
0
0
0
0
0
0
0
0
5
26
55
127
277
214
205
258
230
217
174
126
63
21
1
0
0
0
0
0
0
0
0
0
7
37
98
158
195
226
246
242
230
218
177
141
80
40
1
0
0
0
0
0
0
0
0
0
9
41
104
145
192
225
244
247
385
218
172
211
72
26
2
0
0
0
0
0
0
0
0
0
12
61
165
255
411
264
306
384
185
179
160
187
105
32
2
0
0
0
0
0
0
0
0
0
8
39
94
145
190
217
269
399
380
654
619
411
163
40
0
0
0
0
0
0
0
0
0
0
18
123
314
475
454
567
800
831
779
722
582
413
235
57
2
0
0
0
0
0
0
0
0
0
19
44
110
249
257
345
363
370
357
358
285
191
197
58
2
0
0
0
0
0
0
0
0
0
19
131
323
527
704
829
910
932
891
790
637
402
202
63
4
0
0
0
0
0
0
0
0
0
28
152
348
549
716
841
921
937
899
801
656
473
271
83
7
0
0
0
0
0
0
0
0
0
18
65
137
225
160
201
377
566
736
777
621
437
233
45
3
0
0
0
0
0
0
0
0
0
8
72
127
192
301
317
404
716
864
748
594
447
190
59
4
0
0
0
0
0
0
0
0
0
16
112
312
520
692
827
910
929
886
777
626
437
236
63
5
0
0
0
0
0
0
0
0
0
18
135
304
494
652
714
864
807
792
774
625
439
241
60
4
0
0
0
0
0
0
0
0
0
25
123
320
522
405
479
459
717
860
787
663
478
261
82
9
0
0
0
0
0
0
0
0
0
14
42
96
146
158
470
363
863
124
165
227
293
130
26
3
0
0
0
0
0
0
0
0
0
16
115
77
484
687
852
854
943
792
694
591
425
273
75
9
0
0
0
0
0
0
0
0
0
34
173
374
565
730
858
930
946
907
744
564
483
283
100
11
0
0
0
0
0
0
0
0
0
22
54
167
295
397
505
401
693
823
736
600
407
250
83
9
0
0
0
0
0
0
0
0
0
35
178
372
567
731
859
935
895
855
808
539
334
265
98
13
0
0
0
0
0
0
0
0
0
28
163
359
552
720
856
901
882
805
750
642
466
259
85
11
0
0
0
0
0
0
0
0
0
26
130
311
501
639
756
672
676
608
448
415
232
145
44
7
0
0
0
0
0
0
0
0
0
27
117
297
507
575
727
712
379
318
364
231
227
126
77
4
0
0
0
0
0
0
0
0
0
16
122
198
326
448
222
314
342
442
362
315
318
161
76
13
0
0
0
0
0
0
0
0
0
26
70
338
526
671
270
825
653
323
276
235
199
105
49
9
0
0
0
0
0
0
0
0
0
24
133
265
505
203
190
824
883
837
765
620
474
276
86
5
0
0
0
0
0
0
0
0
0
34
180
354
419
565
799
627
805
840
771
493
425
232
95
18
0
0
0
0
0
0
0
0
0
29
160
273
431
599
829
352
808
747
691
537
384
186
37
5
0
0
0
0
0
0
0
0
0
16
44
87
139
187
213
240
273
263
220
177
130
84
43
10
0
0
0
0
0
0
0
0
0
17
55
112
158
202
262
280
422
410
406
304
136
79
36
9
0
0
0
0
0
0
0
0
0
18
62
175
268
332
423
474
461
405
406
312
249
154
61
17
0
0
0
0
0
0
0
0
1
29
91
170
292
338
434
269
561
247
278
285
211
76
33
7
0
0
0
0
0
0
0
0
0
28
165
281
361
652
729
735
773
260
314
388
247
141
79
14
0
0
0
0
0
0
0
0
0
18
89
153
269
341
687
891
936
876
507
272
307
320
138
25
0
0
0
0
0
0
0
0
1
42
165
267
404
652
805
885
911
864
757
637
499
282
93
17
0
0
0
0
0
0
0
0
1
40
168
284
514
701
801
865
887
778
752
657
487
302
113
17
0
0
0
0
0
0
0
0
0
31
51
199
224
187
274
247
234
239
203
192
228
148
79
21
0
0
0
0
0
0
0
0
0
16
66
286
532
545
804
825
940
902
812
668
497
304
123
13
0
0
0
0
0
0
0
0
3
58
219
411
598
757
874
952
962
928
835
680
480
265
137
24
0
0
0
0
0
0
0
0
1
41
158
363
553
733
818
892
891
917
820
642
409
262
108
22
0
0
0
0
0
0
0
0
2
54
209
400
589
749
867
940
957
918
826
637
489
244
92
19
0
0
0
0
0
0
0
0
0
22
109
357
410
584
775
723
929
904
775
608
475
309
128
18
0
0
0
0
0
0
0
0
0
24
88
207
494
742
829
884
935
865
744
624
515
251
112
25
0
0
0
0
0
0
0
0
0
34
92
258
425
508
822
882
896
856
804
615
481
296
116
22
0
0
0
0
0
0
0
0
3
60
225
414
602
759
887
957
978
939
847
709
537
345
158
31
0
0
0
0
0
0
0
0
3
33
108
139
207
265
339
367
226
598
738
691
530
337
157
31
0
0
0
0
0
0
0
0
1
31
81
172
247
278
435
694
800
860
763
652
497
289
113
21
0
0
0
0
0
0
0
0
1
39
194
285
427
333
491
713
817
678
480
472
262
213
60
15
0
0
0
0
0
0
0
0
2
26
78
201
363
434
510
384
434
619
660
681
514
327
145
28
0
0
0
0
0
0
0
0
1
44
157
296
523
650
767
842
592
691
395
310
328
273
132
27
0
0
0
0
0
0
0
0
1
41
51
303
434
700
825
822
883
725
452
160
231
128
39
14
0
0
0
0
0
0
0
0
2
39
62
182
282
276
641
722
916
889
855
721
483
300
86
21
0
0
0
0
0
0
0
0
1
59
225
391
575
725
798
891
935
905
792
676
521
352
164
33
0
0
0
0
0
0
0
0
1
55
201
394
568
770
890
965
976
945
855
716
544
349
161
32
0
0
0
0
0
0
0
0
3
64
228
422
610
771
892
964
978
941
851
714
544
354
168
34
0
0
0
0
0
0
0
0
2
61
218
408
592
753
875
948
966
931
843
709
538
348
163
33
0
0
0
0
0
0
0
0
0
59
213
402
585
747
802
880
751
785
785
651
400
250
131
28
0
0
0
0
0
0
0
0
1
41
174
307
364
277
408
624
584
713
695
528
370
312
114
22
0
0
0
0
0
0
0
0
2
36
92
182
224
214
378
434
410
440
416
326
351
273
162
33
0
0
0
0
0
0
0
0
2
53
199
372
543
707
826
901
883
746
806
698
528
336
152
29
0
0
0
0
0
0
0
0
2
51
194
380
540
694
826
877
903
861
787
610
489
308
141
26
0
0
0
0
0
0
0
0
0
33
82
135
265
300
447
639
740
428
326
252
248
179
117
22
0
0
0
0
0
0
0
0
2
52
199
332
461
442
667
564
584
527
375
327
422
305
167
32
0
0
0
0
0
0
0
0
3
22
81
140
244
337
389
409
414
437
390
326
254
194
51
24
0
0
0
0
0
0
0
0
2
35
120
302
385
704
604
838
884
853
734
646
510
359
180
39
0
0
0
0
0
0
0
0
1
44
167
345
500
673
776
904
930
900
803
668
492
302
131
28
0
0
0
0
0
0
0
0
2
55
211
402
590
754
880
955
977
944
857
721
550
357
170
35
0
0
0
0
0
0
0
0
0
39
126
332
481
672
789
849
911
676
636
691
271
202
36
19
0
0
0
0
0
0
0
0
0
37
165
339
446
437
591
916
673
775
533
665
500
297
145
23
0
0
0
0
0
0
0
0
1
41
111
196
288
268
441
346
226
402
321
303
248
169
91
27
0
0
0
0
0
0
0
0
0
38
101
218
230
331
317
298
412
379
337
183
230
119
96
19
0
0
0
0
0
0
0
0
1
24
86
293
550
747
834
937
924
740
749
656
522
357
147
32
0
0
0
0
0
0
0
0
0
33
170
371
559
593
814
813
393
186
287
272
220
126
83
15
0
0
0
0
0
0
0
0
0
30
134
295
547
653
721
465
381
368
174
448
297
282
138
25
0
0
0
0
0
0
0
0
0
19
200
369
549
572
553
390
876
888
805
643
404
167
63
26
0
0
0
0
0
0
0
0
1
10
82
353
528
300
781
816
660
547
491
468
401
325
124
20
0
0
0
0
0
0
0
0
0
41
125
341
387
627
737
890
899
908
832
701
536
345
162
30
0
0
0
0
0
0
0
0
1
45
192
379
566
727
857
933
958
928
842
710
540
351
166
33
0
0
0
0
0
0
0
0
1
38
171
354
497
669
809
907
927
899
817
686
514
325
146
29
0
0
0
0
0
0
0
0
1
33
144
273
558
730
791
789
815
897
845
359
109
88
85
27
0
0
0
0
0
0
0
0
0
34
153
332
523
694
823
856
932
816
780
673
495
303
133
28
0
0
0
0
0
0
0
0
1
42
183
365
550
619
784
847
846
844
677
584
482
242
124
27
0
0
0
0
0
0
0
0
0
28
119
162
418
669
486
343
778
916
407
415
201
264
95
20
0
0
0
0
0
0
0
0
0
15
79
202
281
266
530
469
711
820
760
637
543
355
173
37
0
0
0
0
0
0
0
0
0
38
148
375
550
710
765
917
909
939
855
726
557
368
167
35
0
0
0
0
0
0
0
0
0
30
141
315
474
604
786
856
912
883
755
632
414
248
96
24
0
0
0
0
0
0
0
0
0
28
64
118
232
160
726
308
340
429
352
300
218
170
109
25
0
0
0
0
0
0
0
0
0
40
189
372
565
725
776
849
851
835
763
666
501
309
159
35
0
0
0
0
0
0
0
0
0
28
103
162
519
699
826
902
874
903
815
677
507
306
136
12
0
0
0
0
0
0
0
0
0
27
123
196
286
221
288
376
347
581
325
300
199
122
73
11
0
0
0
0
0
0
0
0
0
18
72
99
167
197
428
437
433
416
382
329
155
172
76
25
0
0
0
0
0
0
0
0
0
29
83
166
253
356
647
504
354
302
371
357
384
237
81
19
0
0
0
0
0
0
0
0
0
24
103
222
443
645
739
878
905
863
786
659
496
285
149
27
0
0
0
0
0
0
0
0
0
19
149
329
529
611
795
893
829
869
822
648
460
308
115
20
0
0
0
0
0
0
0
0
0
34
123
323
506
579
706
788
825
794
708
594
489
266
97
19
0
0
0
0
0
0
0
0
0
24
123
292
483
655
619
814
845
857
716
564
450
250
70
14
0
0
0
0
0
0
0
0
0
4
64
90
147
390
168
197
249
371
331
276
269
146
79
18
0
0
0
0
0
0
0
0
0
29
161
322
480
675
559
819
898
831
728
614
467
225
76
22
0
0
0
0
0
0
0
0
0
8
31
166
201
275
191
374
251
228
253
355
266
175
73
19
0
0
0
0
0
0
0
0
0
13
47
157
254
347
374
417
590
650
640
658
482
291
115
19
0
0
0
0
0
0
0
0
0
25
141
324
518
690
822
903
929
902
815
680
505
309
126
21
0
0
0
0
0
0
0
0
0
24
148
322
524
696
774
824
590
847
621
650
474
323
135
24
0
0
0
0
0
0
0
0
0
26
73
230
463
635
741
737
844
670
527
335
243
136
70
15
0
0
0
0
0
0
0
0
0
17
85
177
81
202
165
183
206
230
198
523
170
57
37
8
0
0
0
0
0
0
0
0
0
16
55
142
306
245
405
615
642
844
704
572
444
284
111
18
0
0
0
0
0
0
0
0
0
25
103
305
425
685
670
665
380
378
380
278
336
155
82
16
0
0
0
0
0
0
0
0
0
7
51
92
208
269
359
460
376
406
397
452
371
163
77
15
0
0
0
0
0
0
0
0
0
19
92
305
502
519
754
875
888
841
673
669
503
288
112
20
0
0
0
0
0
0
0
0
0
13
109
278
471
652
780
816
742
862
767
603
372
142
63
10
0
0
0
0
0
0
0
0
0
8
67
196
401
458
402
312
406
340
322
299
200
149
49
7
0
0
0
0
0
0
0
0
0
9
36
68
206
167
301
261
468
220
237
308
248
141
68
4
0
0
0
0
0
0
0
0
0
7
37
78
195
331
363
817
644
801
750
627
493
296
112
15
0
0
0
0
0
0
0
0
0
19
96
200
340
592
632
731
701
713
521
507
387
273
104
14
0
0
0
0
0
0
0
0
0
14
92
255
447
623
755
836
866
832
743
580
420
230
75
10
0
0
0
0
0
0
0
0
0
14
121
307
451
536
574
822
866
738
654
519
374
243
95
11
0
0
0
0
0
0
0
0
0
13
102
311
439
617
663
755
901
871
782
649
474
264
85
11
0
0
0
0
0
0
0
0
0
11
89
268
454
618
720
718
824
845
753
616
433
241
75
8
0
0
0
0
0
0
0
0
0
12
95
271
467
607
787
831
878
837
766
599
457
264
87
9
0
0
0
0
0
0
0
0
0
13
83
220
440
610
787
654
541
752
745
336
278
241
76
6
0
0
0
0
0
0
0
0
0
7
93
269
438
597
732
793
845
844
710
611
435
223
66
1
0
0
0
0
0
0
0
0
0
8
30
163
291
202
510
755
782
773
663
393
398
225
67
4
0
0
0
0
0
0
0
0
0
7
81
218
428
536
729
790
854
807
731
582
433
238
67
3
0
0
0
0
0
0
0
0
0
6
61
89
349
492
705
592
355
819
538
418
388
229
66
3
0
0
0
0
0
0
0
0
0
7
64
193
329
312
317
330
194
334
370
541
392
237
66
0
0
0
0
0
0
0
0
0
0
8
60
187
396
556
659
851
642
684
612
309
402
163
39
1
0
0
0
0
0
0
0
0
0
8
47
229
347
594
772
780
856
799
625
446
395
214
56
2
0
0
0
0
0
0
0
0
0
4
38
92
163
390
426
733
700
615
609
303
169
97
41
1
0
0
0
0
0
0
0
0
0
5
53
74
127
135
163
262
232
198
183
178
124
69
33
1
0
0
0
0
0
0
0
0
0
4
30
85
134
184
372
433
395
382
343
314
124
69
22
1
0
0
0
0
0
0
0
0
0
3
32
129
227
301
366
400
395
394
218
164
124
70
19
0
0
0
0
0
0
0
0
0
0
3
52
200
335
425
741
841
786
759
725
582
400
204
46
0
0
0
0
0
0
0
0
0
0
4
74
249
445
567
682
794
745
742
617
480
337
182
39
0
0
0
0
0
0
0
0
0
0
3
28
51
118
137
324
514
330
283
468
529
242
165
47
0
0
0
0
0
0
0
0
0
0
0
78
226
317
231
300
495
612
347
322
497
271
165
12
0
0
0
0
0
0
0
0
0
0
0
80
204
425
578
687
758
378
359
633
486
339
159
21
0
0
0
0
0
0
0
0
0
0
0
69
250
405
553
649
721
791
759
644
524
355
163
19
0
0
0
0
0
0
0
0
0
0
0
57
69
81
96
137
195
210
182
121
95
90
65
8
0
0
0
0
0
0
0
0
0
0
0
58
214
393
586
699
788
797
770
661
507
348
87
15
0
0
0
0
0
0
0
0
0
0
0
60
222
413
579
718
788
797
758
666
512
347
164
12
0
0
0
0
0
0
0
0
0
0
0
63
246
420
586
700
745
779
752
660
512
336
158
7
0
0
0
0
0
0
0
0
0
0
0
33
77
285
348
637
751
425
546
505
478
309
63
6
0
0
0
0
0
0
0
0
0
0
0
68
163
265
251
337
250
533
382
316
477
288
125
5
0
0
0
0
0
0
0
0
0
0
0
0
140
211
393
369
342
401
388
453
105
94
31
4
0
0
0
0
0
0
0
0
0
0
0
0
203
402
555
656
727
647
464
504
460
229
48
1
0
0
0
0
0
0
0
0
0
0
0
0
94
239
561
306
220
467
164
327
94
140
43
0
0
0
0
0
0
0
0
0
0
0
0
0
220
403
503
681
758
772
728
630
481
311
124
0
0
0
0
0
0
0
0
0
0
0
0
0
150
328
497
638
672
485
129
97
105
98
38
0
0
0
0
0
0
0
0
0
0
0
0
0
159
308
226
106
250
269
117
109
149
46
29
0
0
0
0
0
0
0
0
0
0
0
0
0
167
342
381
313
660
628
680
263
171
92
100
0
0
0
0
0
0
0
0
0
0
0
0
0
192
370
537
669
727
742
709
588
451
277
102
0
0
0
0
0
0
0
0
0
0
0
0
0
193
378
537
657
703
664
650
571
407
194
44
0
0
0
0
0
0
0
0
0
0
0
0
0
113
282
492
595
635
622
662
531
379
183
68
0
0
0
0
0
0
0
0
0
0
0
0
0
195
358
466
626
727
616
609
519
417
249
90
0
0
0
0
0
0
0
0
0
0
0
0
0
65
83
84
106
116
150
111
91
77
51
46
0
0
0
0
0
0
0
0
0
0
0
0
0
197
359
525
319
507
724
685
581
377
71
27
0
0
0
0
0
0
0
0
0
0
0
0
0
33
76
84
219
220
155
123
211
328
221
63
0
0
0
0
0
0
0
0
0
0
0
0
0
75
125
91
100
116
161
374
279
175
200
73
0
0
0
0
0
0
0
0
0
0
0
0
0
100
215
474
294
544
329
181
153
87
55
29
0
0
0
0
0
0
0
0
0
0
0
0
0
109
194
461
545
648
173
275
528
397
233
59
0
0
0
0
0
0
0
0
0
0
0
0
11
178
341
500
595
684
693
643
551
402
223
58
0
0
0
0
0
0
0
0
0
0
0
0
7
119
327
455
407
617
639
601
346
212
113
56
0
0
0
0
0
0
0
0
0
0
0
0
9
172
342
488
602
678
663
642
539
390
216
51
0
0
0
0
0
0
0
0
0
0
0
0
8
164
321
475
589
599
651
572
493
389
181
40
0
0
0
0
0
0
0
0
0
0
0
0
24
87
154
234
309
280
296
293
283
197
113
36
0
0
0
0
0
0
0
0
0
0
0
0
22
63
200
321
555
598
573
552
456
353
190
31
0
0
0
0
0
0
0
0
0
0
0
0
28
101
212
420
458
372
384
267
186
148
94
26
0
0
0
0
0
0
0
0
0
0
0
0
13
113
211
329
336
434
295
315
360
184
137
30
0
0
0
0
0
0
0
0
0
0
0
0
20
119
242
231
313
369
562
370
335
164
77
24
0
0
0
0
0
0
0
0
0
0
0
0
14
106
151
331
358
303
149
260
271
78
104
21
0
0
0
0
0
0
0
0
0
0
0
0
13
70
202
267
420
377
289
282
341
141
96
16
0
0
0
0
0
0
0
0
0
0
0
0
4
44
113
197
228
296
429
235
265
94
85
17
0
0
0
0
0
0
0
0
0
0
0
0
15
64
208
389
346
496
529
544
451
320
159
39
0
0
0
0
0
0
0
0
0
0
0
0
14
121
278
458
577
653
660
607
494
338
162
33
0
0
0
0
0
0
0
0
0
0
0
0
20
126
281
428
507
611
578
566
335
319
139
26
0
0
0
0
0
0
0
0
0
0
0
0
13
78
154
274
460
276
267
296
171
157
66
14
0
0
0
0
0
0
0
0
0
0
0
0
7
53
133
188
255
316
309
264
221
175
76
19
0
0
0
0
0
0
0
0
0
0
0
0
8
69
155
136
301
331
200
287
269
206
42
13
0
0
0
0
0
0
0
0
0
0
0
0
13
79
152
88
307
276
142
247
248
157
73
19
0
0
0
0
0
0
0
0
0
0
0
0
6
47
164
272
298
386
244
288
239
175
71
18
0
0
0
0
0
0
0
0
0
0
0
0
10
94
260
423
545
611
621
535
419
217
96
16
0
0
0
0
0
0
0
0
0
0
0
0
9
68
91
167
238
293
251
298
171
156
62
15
0
0
0
0
0
0
0
0
0
0
0
0
5
59
132
188
238
291
308
257
225
135
72
17
0
0
0
0
0
0
0
0
0
0
0
0
8
71
158
322
447
554
584
454
426
286
116
22
0
0
0
0
0
0
0
0
0
0
0
0
12
101
270
429
507
553
597
502
390
269
105
16
0
0
0
0
0
0
0
0
0
0
0
0
1
63
173
308
363
463
464
437
213
155
70
12
0
0
0
0
0
0
0
0
0
0
0
0
3
42
98
103
195
259
136
269
183
120
60
10
0
0
0
0
0
0
0
0
0
0
0
0
4
21
137
276
329
529
405
385
368
227
74
8
0
0
0
0
0
0
0
0
0
0
0
0
3
68
209
320
457
422
358
298
184
86
50
3
0
0
0
0
0
0
0
0
0
0
0
0
0
33
110
97
208
241
252
243
189
76
51
10
0
0
0
0
0
0
0
0
0
0
0
0
2
54
142
338
485
541
567
485
346
228
81
8
0
0
0
0
0
0
0
0
0
0
0
0
5
67
139
163
189
244
264
206
263
135
65
8
0
0
0
0
0
0
0
0
0
0
0
0
3
49
218
318
449
366
419
394
322
176
92
12
0
0
0
0
0
0
0
0
0
0
0
0
1
55
203
355
476
538
542
486
377
227
74
5
0
0
0
0
0
0
0
0
0
0
0
0
2
57
210
363
479
542
545
447
342
221
71
2
0
0
0
0
0
0
0
0
0
0
0
0
2
41
121
205
336
320
290
265
175
62
32
1
0
0
0
0
0
0
0
0
0
0
0
0
0
19
56
147
191
248
241
240
127
121
46
4
0
0
0
0
0
0
0
0
0
0
0
0
0
46
183
358
470
539
500
426
325
191
59
4
0
0
0
0
0
0
0
0
0
0
0
0
0
24
72
158
197
246
228
211
314
169
31
1
0
0
0
0
0
0
0
0
0
0
0
0
0
17
98
90
107
119
151
115
102
127
24
2
0
0
0
0
0
0
0
0
0
0
0
0
0
24
53
60
120
231
129
119
80
66
20
1
0
0
0
0
0
0
0
0
0
0
0
0
0
20
107
171
225
248
248
255
182
111
38
1
0
0
0
0
0
0
0
0
0
0
0
0
0
17
62
102
139
147
145
131
118
70
22
1
0
0
0
0
0
0
0
0
0
0
0
0
0
24
87
165
199
355
430
309
186
112
36
0
0
0
0
0
0
0
0
0
0
0
0
0
0
17
31
74
168
203
244
209
128
88
30
0
0
0
0
0
0
0
0
0
0
0
0
0
0
17
70
115
156
244
228
168
152
91
25
0
0
0
0
0
0
0
0
0
0
0
0
0
0
29
151
288
382
421
479
418
256
129
37
0
0
0
0
0
0
0
0
0
0
0
0
0
0
12
94
131
88
140
110
101
166
103
38
0
0
0
0
0
0
0
0
0
0
0
0
0
0
34
144
212
419
481
405
395
319
139
38
0
0
0
0
0
0
0
0
0
0
0
0
0
0
28
105
257
329
468
465
371
293
147
43
0
0
0
0
0
0
0
0
0
0
0
0
0
0
16
46
123
280
267
134
118
164
72
12
0
0
0
0
0
0
0
0
0
0
0
0
0
0
16
70
104
174
367
328
404
298
173
42
0
0
0
0
0
0
0
0
0
0
0
0
0
0
26
121
245
346
384
432
408
309
168
39
0
0
0
0
0
0
0
0
0
0
0
0
0
0
12
52
104
131
185
196
169
135
84
25
0
0
0
0
0
0
0
0
0
0
0
0
0
0
18
78
155
189
145
142
120
97
53
28
0
0
0
0
0
0
0
0
0
0
0
0
0
0
16
72
137
203
212
214
221
164
90
29
0
0
0
0
0
0
0
0
0
0
0
0
0
0
17
74
128
195
201
180
140
105
95
6
0
0
0
0
0
0
0
0
0
0
0
0
0
0
14
101
176
315
387
231
217
162
108
22
0
0
0
0
0
0
0
0
0
0
0
0
0
0
20
119
260
369
409
408
393
292
156
37
0
0
0
0
0
0
0
0
0
0
0
0
0
0
19
95
183
279
342
342
324
266
132
30
0
0
0
0
0
0
0
0
0
0
0
0
0
0
11
61
205
187
169
164
230
55
79
16
0
0
0
0
0
0
0
0
0
0
0
0
0
0
7
58
174
273
111
80
118
69
36
13
0
0
0
0
0
0
0
0
0
0
0
0
0
0
9
60
123
178
195
194
172
127
79
23
0
0
0
0
0
0
0
0
0
0
0
0
0
0
13
65
124
328
393
398
167
236
69
13
0
0
0
0
0
0
0
0
0
0
0
0
0
0
13
47
75
82
100
104
89
69
39
12
0
0
0
0
0
0
0
0
0
0
0
0
0
0
1
21
84
168
193
179
230
187
104
25
0
0
0
0
0
0
0
0
0
0
0
0
0
0
3
46
85
121
179
97
159
88
72
20
0
0
0
0
0
0
0
0
0
0
0
0
0
0
11
64
167
144
230
259
290
239
148
34
0
0
0
0
0
0
0
0
0
0
0
0
0
0
3
32
56
78
112
95
105
70
50
14
0
0
0
0
0
0
0
0
0
0
0
0
0
0
9
49
106
159
202
208
258
133
41
16
0
0
0
0
0
0
0
0
0
0
0
0
0
0
8
50
130
144
224
285
305
141
117
32
0
0
0
0
0
0
0
0
0
0
0
0
0
0
0
41
100
139
157
184
167
127
76
25
0
0
0
0
0
0
0
0
0
0
0
0
0
0
4
35
68
166
199
220
179
139
84
23
0
0
0
0
0
0
0
0
0
0
0
0
0
0
8
56
125
183
232
259
222
120
93
21
0
0
0
0
0
0
0
0
0
0
0
0
0
0
3
44
97
186
164
219
174
140
83
26
0
0
0
0
0
0
0
0
0
0
0
0
0
0
7
46
112
170
196
209
200
137
46
13
0
0
0
0
0
0
0
0
0
0
0
0
0
0
6
54
124
181
213
246
197
155
91
25
0
0
0
0
0
0
0
0
0
0
0
0
0
0
4
54
119
168
209
231
185
160
89
22
0
0
0
0
0
0
0
0
0
0
0
0
0
0
6
52
124
202
230
233
226
165
90
27
0
0
0
0
0
0
0
0
0
0
0
0
0
0
4
48
116
179
221
221
195
163
86
27
0
0
0
0
0
0
0
0
0
0
0
0
0
0
6
48
113
164
197
217
181
152
86
23
0
0
0
0
0
0
0
0
0
0
0
0
0
0
3
49
122
166
197
217
190
161
80
25
0
0
0
0
0
0
0
0
0
0
0
0
0
0
0
47
134
230
243
285
233
129
56
13
0
0
0
0
0
0
0
0
0
0
0
0
0
0
3
32
83
181
161
286
221
152
50
25
0
0
0
0
0
0
0
0
0
0
0
0
0
0
0
28
92
186
179
218
193
150
89
22
0
0
0
0
0
0
0
0
0
0
0
0
0
0
2
55
115
170
229
184
158
138
99
25
0
0
0
0
0
0
0
0
0
0
0
0
0
0
1
41
118
172
209
211
213
170
86
24
0
0
0
0
0
0
0
0
0
0
0
0
0
0
2
22
57
91
187
210
180
136
72
23
0
0
0
0
0
0
0
0
0
0
0
0
0
0
2
36
166
272
342
357
309
251
117
30
0
0
0
0
0
0
0
0
0
0
0
0
0
0
7
67
204
320
396
416
381
289
161
41
0
0
0
0
0
0
0
0
0
0
0
0
0
0
0
21
81
151
145
204
192
99
53
16
0
0
0
0
0
0
0
0
0
0
0
0
0
0
1
30
85
150
179
98
95
87
85
28
0
0
0
0
0
0
0
0
0
0
0
0
0
0
2
42
106
242
170
145
152
106
73
18
0
0
0
0
0
0
0
0
0
0
0
0
0
0
3
38
113
189
209
226
233
181
104
26
0
0
0
0
0
0
0
0
0
0
0
0
0
0
3
39
105
160
378
400
365
267
152
33
0
0
0
0
0
0
0
0
0
0
0
0
0
0
5
37
63
127
157
189
188
180
94
19
0
0
0
0
0
0
0