0
0
0
0
0
0
0
0
36
72
189
211
156
191
209
116
57
11
0
0
0
0
0
0
0
0
0
0
0
0
0
0
25
55
92
131
142
130
117
136
40
8
0
0
0
0
0
0
0
0
0
0
0
0
0
0
25
83
179
327
337
388
224
143
51
16
0
0
0
0
0
0
0
0
0
0
0
0
0
0
34
128
231
192
381
315
318
262
102
22
0
0
0
0
0
0
0
0
0
0
0
0
0
0
41
87
115
211
256
424
395
274
123
24
0
0
0
0
0
0
0
0
0
0
0
0
0
0
29
141
184
217
335
355
260
103
44
11
0
0
0
0
0
0
0
0
0
0
0
0
0
0
19
71
150
192
239
221
176
135
67
14
0
0
0
0
0
0
0
0
0
0
0
0
0
0
41
176
325
430
484
472
404
282
129
25
0
0
0
0
0
0
0
0
0
0
0
0
0
0
34
159
292
409
441
359
371
250
90
13
0
0
0
0
0
0
0
0
0
0
0
0
0
0
17
75
149
182
194
275
213
147
69
16
0
0
0
0
0
0
0
0
0
0
0
0
0
0
23
89
115
232
155
189
171
130
50
16
0
0
0
0
0
0
0
0
0
0
0
0
0
0
33
158
284
365
417
410
394
198
85
22
0
0
0
0
0
0
0
0
0
0
0
0
0
0
10
51
94
109
115
146
196
94
78
21
0
0
0
0
0
0
0
0
0
0
0
0
0
0
27
118
292
400
451
449
381
263
120
22
0
0
0
0
0
0
0
0
0
0
0
0
0
0
36
102
175
177
277
241
319
142
82
15
0
0
0
0
0
0
0
0
0
0
0
0
0
0
29
86
144
229
238
228
270
175
125
34
0
0
0
0
0
0
0
0
0
0
0
0
0
0
19
152
300
412
468
444
380
266
118
20
0
0
0
0
0
0
0
0
0
0
0
0
0
0
41
174
322
412
311
366
405
298
137
29
0
0
0
0
0
0
0
0
0
0
0
0
0
0
17
61
88
168
177
242
194
152
77
22
0
0
0
0
0
0
0
0
0
0
0
0
0
0
28
145
298
473
447
422
215
119
80
17
0
0
0
0
0
0
0
0
0
0
0
0
0
0
26
100
381
453
502
271
483
225
94
18
0
0
0
0
0
0
0
0
0
0
0
0
0
0
28
172
340
424
455
494
442
242
125
25
0
0
0
0
0
0
0
0
0
0
0
0
0
0
50
198
354
464
524
519
455
334
179
44
0
0
0
0
0
0
0
0
0
0
0
0
0
0
24
117
261
331
250
254
252
253
138
32
0
0
0
0
0
0
0
0
0
0
0
0
0
0
15
53
72
99
172
132
114
88
54
14
0
0
0
0
0
0
0
0
0
0
0
0
0
0
33
111
200
255
257
244
229
181
111
32
0
0
0
0
0
0
0
0
0
0
0
0
0
0
36
173
317
443
489
481
373
296
144
29
0
0
0
0
0
0
0
0
0
0
0
0
0
0
35
156
209
326
375
346
219
278
149
37
0
0
0
0
0
0
0
0
0
0
0
0
0
0
38
161
262
438
373
338
309
312
174
32
0
0
0
0
0
0
0
0
0
0
0
0
0
0
28
93
149
198
199
232
200
180
109
35
0
0
0
0
0
0
0
0
0
0
0
0
0
1
44
177
312
240
305
353
174
202
69
30
0
0
0
0
0
0
0
0
0
0
0
0
0
1
43
126
215
276
298
291
267
226
93
44
0
0
0
0
0
0
0
0
0
0
0
0
0
1
49
125
212
271
360
486
333
278
244
58
0
0
0
0
0
0
0
0
0
0
0
0
0
1
52
208
369
507
575
570
505
383
216
49
1
0
0
0
0
0
0
0
0
0
0
0
0
2
55
236
396
504
583
564
505
374
150
42
0
0
0
0
0
0
0
0
0
0
0
0
0
1
40
120
211
258
303
352
315
248
150
46
2
0
0
0
0
0
0
0
0
0
0
0
0
3
50
174
383
396
472
556
497
395
234
72
5
0
0
0
0
0
0
0
0
0
0
0
0
2
67
235
403
524
592
556
512
376
223
67
1
0
0
0
0
0
0
0
0
0
0
0
0
5
78
253
419
546
608
608
527
390
248
70
2
0
0
0
0
0
0
0
0
0
0
0
0
4
54
177
389
422
399
420
393
207
105
40
0
0
0
0
0
0
0
0
0
0
0
0
0
3
50
140
208
285
333
351
306
154
103
32
3
0
0
0
0
0
0
0
0
0
0
0
0
3
42
108
146
212
218
234
205
164
104
36
5
0
0
0
0
0
0
0
0
0
0
0
0
5
64
169
272
326
382
345
313
259
176
63
6
0
0
0
0
0
0
0
0
0
0
0
0
8
67
170
288
462
658
643
633
289
213
66
0
0
0
0
0
0
0
0
0
0
0
0
0
3
85
231
188
252
552
304
273
348
178
52
8
0
0
0
0
0
0
0
0
0
0
0
0
8
93
277
449
579
642
638
574
445
272
91
9
0
0
0
0
0
0
0
0
0
0
0
0
6
82
80
402
544
615
603
547
419
162
59
5
0
0
0
0
0
0
0
0
0
0
0
0
8
88
257
425
554
621
633
549
421
254
85
8
0
0
0
0
0
0
0
0
0
0
0
0
18
95
202
386
564
317
363
228
239
146
61
10
0
0
0
0
0
0
0
0
0
0
0
0
16
115
295
455
569
574
647
297
232
172
40
5
0
0
0
0
0
0
0
0
0
0
0
0
8
95
276
451
576
596
635
560
439
269
98
10
0
0
0
0
0
0
0
0
0
0
0
0
11
60
182
235
255
295
180
168
134
172
42
12
0
0
0
0
0
0
0
0
0
0
0
0
7
43
84
136
160
191
191
298
145
86
35
10
0
0
0
0
0
0
0
0
0
0
0
0
9
68
160
228
290
303
306
266
212
99
31
8
0
0
0
0
0
0
0
0
0
0
0
0
7
37
91
212
317
296
326
321
266
180
74
14
0
0
0
0
0
0
0
0
0
0
0
0
15
73
168
231
287
322
324
305
252
150
67
12
0
0
0
0
0
0
0
0
0
0
0
0
9
100
310
481
607
685
644
571
489
323
128
16
0
0
0
0
0
0
0
0
0
0
0
0
4
68
159
224
268
258
274
260
219
154
71
17
0
0
0
0
0
0
0
0
0
0
0
0
26
149
339
511
631
692
696
627
503
332
141
23
0
0
0
0
0
0
0
0
0
0
0
0
31
99
152
186
264
294
616
404
377
262
107
25
0
0
0
0
0
0
0
0
0
0
0
0
29
64
175
198
265
574
436
210
207
88
59
12
0
0
0
0
0
0
0
0
0
0
0
0
14
84
190
252
298
335
357
328
252
175
81
19
0
0
0
0
0
0
0
0
0
0
0
0
25
105
195
280
321
327
349
294
258
268
155
24
0
0
0
0
0
0
0
0
0
0
0
0
28
160
283
528
562
671
654
412
355
175
64
19
0
0
0
0
0
0
0
0
0
0
0
0
16
86
182
221
283
327
307
304
295
149
81
16
0
0
0
0
0
0
0
0
0
0
0
0
28
174
374
308
575
458
588
495
347
200
136
28
0
0
0
0
0
0
0
0
0
0
0
0
42
153
330
507
655
284
594
347
357
358
80
14
0
0
0
0
0
0
0
0
0
0
0
0
35
176
346
519
640
694
683
681
402
254
169
32
0
0
0
0
0
0
0
0
0
0
0
0
16
83
221
146
159
535
508
168
321
329
107
8
0
0
0
0
0
0
0
0
0
0
0
0
33
113
178
253
308
367
683
646
400
312
178
38
0
0
0
0
0
0
0
0
0
0
0
0
12
64
214
149
285
359
394
283
248
199
62
17
0
0
0
0
0
0
0
0
0
0
0
0
26
90
158
241
287
316
503
336
291
200
117
38
0
0
0
0
0
0
0
0
0
0
0
0
31
82
180
255
529
689
734
707
533
365
144
34
0
0
0
0
0
0
0
0
0
0
0
0
39
119
166
263
272
320
316
277
265
180
97
26
0
0
0
0
0
0
0
0
0
0
0
0
40
127
230
280
336
404
365
360
297
204
118
29
0
0
0
0
0
0
0
0
0
0
0
0
36
127
306
484
671
713
721
635
498
350
128
33
0
0
0
0
0
0
0
0
0
0
0
0
23
96
179
304
504
282
275
185
140
111
64
14
0
0
0
0
0
0
0
0
0
0
0
1
34
114
121
314
204
359
204
331
258
196
94
17
0
0
0
0
0
0
0
0
0
0
0
1
39
143
326
521
384
479
319
281
218
159
96
21
0
0
0
0
0
0
0
0
0
0
0
2
69
256
439
579
757
811
809
729
597
416
209
44
0
0
0
0
0
0
0
0
0
0
0
3
77
263
467
639
759
817
810
735
563
392
193
44
0
0
0
0
0
0
0
0
0
0
0
0
53
220
398
574
755
733
577
630
492
320
161
43
0
0
0
0
0
0
0
0
0
0
0
6
89
281
489
651
773
844
830
761
624
438
231
52
0
0
0
0
0
0
0
0
0
0
0
8
95
272
476
625
722
832
809
741
614
435
236
52
0
0
0
0
0
0
0
0
0
0
0
6
68
254
297
319
342
169
214
337
272
179
165
33
0
0
0
0
0
0
0
0
0
0
0
6
87
274
475
645
763
823
811
743
602
420
215
46
0
0
0
0
0
0
0
0
0
0
0
9
109
311
511
645
797
806
815
713
635
458
198
53
0
0
0
0
0
0
0
0
0
0
0
7
79
248
473
639
759
809
803
724
595
417
195
40
0
0
0
0
0
0
0
0
0
0
0
14
89
234
525
683
752
682
782
676
499
413
200
50
2
0
0
0
0
0
0
0
0
0
0
17
124
325
518
688
798
777
669
716
563
407
199
58
3
0
0
0
0
0
0
0
0
0
0
10
95
171
403
295
287
380
544
280
194
89
87
21
1
0
0
0
0
0
0
0
0
0
0
15
121
324
476
371
674
415
332
249
387
249
78
42
0
0
0
0
0
0
0
0
0
0
0
17
135
335
363
332
345
367
313
285
249
233
143
52
0
0
0
0
0
0
0
0
0
0
0
10
92
160
465
402
719
626
702
643
662
422
265
65
1
0
0
0
0
0
0
0
0
0
0
14
72
180
218
310
381
398
354
383
407
230
147
49
2
0
0
0
0
0
0
0
0
0
0
13
80
143
150
173
193
392
214
385
338
248
132
48
3
0
0
0
0
0
0
0
0
0
0
17
96
170
387
659
716
731
497
628
547
444
250
68
3
0
0
0
0
0
0
0
0
0
0
23
141
344
542
709
823
876
861
785
650
465
257
71
3
0
0
0
0
0
0
0
0
0
0
30
168
378
575
739
852
901
889
811
677
497
287
89
7
0
0
0
0
0
0
0
0
0
0
23
146
355
537
692
638
840
836
748
499
258
119
48
2
0
0
0
0
0
0
0
0
0
0
7
64
179
468
695
807
782
613
182
216
261
115
35
2
0
0
0
0
0
0
0
0
0
0
26
50
172
466
405
712
280
405
688
518
430
244
37
6
0
0
0
0
0
0
0
0
0
0
30
133
280
265
248
435
218
199
212
258
290
172
44
3
0
0
0
0
0
0
0
0
0
0
24
44
131
122
354
459
486
176
196
136
108
73
29
6
0
0
0
0
0
0
0
0
0
0
24
69
208
381
305
369
216
261
312
377
132
122
58
2
0
0
0
0
0
0
0
0
0
0
14
63
164
141
186
207
232
237
373
346
233
143
62
7
0
0
0
0
0
0
0
0
0
0
31
155
174
293
400
554
589
406
405
248
273
149
62
10
0
0
0
0
0
0
0
0
0
0
42
210
413
609
764
778
780
808
764
552
393
236
96
11
0
0
0
0
0
0
0
0
0
0
42
197
407
599
752
858
901
889
813
683
502
298
104
12
0
0
0
0
0
0
0
0
0
0
46
212
419
610
766
874
921
905
823
693
515
309
112
14
0
0
0
0
0
0
0
0
0
0
39
180
379
499
700
809
855
875
780
602
369
185
94
12
0
0
0
0
0
0
0
0
0
0
19
110
191
321
291
414
229
376
431
323
151
98
46
11
0
0
0
0
0
0
0
0
0
0
40
70
331
301
299
429
203
318
520
482
269
211
76
14
0
0
0
0
0
0
0
0
0
0
19
94
172
270
298
385
759
848
500
476
404
310
112
14
0
0
0
0
0
0
0
0
0
1
48
219
430
627
785
896
940
921
840
704
520
311
113
15
0
0
0
0
0
0
0
0
0
1
45
204
410
609
774
878
923
904
820
681
499
291
106
13
0
0
0
0
0
0
0
0
0
1
38
184
393
588
749
872
893
854
508
653
471
295
100
12
0
0
0
0
0
0
0
0
0
2
61
213
465
659
806
913
987
888
821
723
548
341
137
21
0
0
0
0
0
0
0
0
0
3
67
251
309
534
646
762
848
926
840
673
473
274
113
20
0
0
0
0
0
0
0
0
0
1
69
255
469
656
815
933
891
947
882
762
553
347
132
20
0
0
0
0
0
0
0
0
0
3
59
216
410
576
557
741
837
399
353
320
256
163
67
11
0
0
0
0
0
0
0
0
0
0
38
120
247
298
661
737
468
472
471
532
393
271
119
9
0
0
0
0
0
0
0
0
0
1
65
231
434
619
785
857
874
733
756
492
484
283
122
10
0
0
0
0
0
0
0
0
0
4
67
234
438
630
786
890
934
908
784
687
523
316
123
20
0
0
0
0
0
0
0
0
0
4
49
179
411
573
727
871
931
859
784
618
502
299
122
20
0
0
0
0
0
0
0
0
0
2
39
190
389
607
778
884
919
891
858
716
541
307
112
22
0
0
0
0
0
0
0
0
0
2
27
75
218
296
262
740
883
933
893
711
561
349
156
26
0
0
0
0
0
0
0
0
0
1
62
162
427
317
708
642
601
643
406
511
230
221
136
34
0
0
0
0
0
0
0
0
0
7
74
255
468
666
819
919
967
946
869
738
558
355
151
21
0
0
0
0
0
0
0
0
0
10
67
161
326
516
637
472
318
379
494
412
420
235
69
9
0
0
0
0
0
0
0
0
0
3
73
224
379
311
425
431
350
696
647
469
303
136
26
10
0
0
0
0
0
0
0
0
0
7
49
86
129
236
518
598
456
439
172
203
159
101
21
24
0
0
0
0
0
0
0
0
0
4
55
237
434
676
778
921
956
821
723
697
463
346
152
28
0
0
0
0
0
0
0
0
0
10
69
149
287
620
613
904
924
899
721
359
454
295
141
28
0
0
0
0
0
0
0
0
0
13
97
275
467
654
795
898
893
828
775
680
488
270
130
33
0
0
0
0
0
0
0
0
0
9
99
240
326
339
280
256
199
162
252
162
161
95
55
15
0
0
0
0
0
0
0
0
0
9
56
134
239
200
228
248
255
275
252
95
108
41
11
26
0
0
0
0
0
0
0
0
0
12
64
155
271
408
443
662
402
364
445
356
179
103
49
26
0
0
0
0
0
0
0
0
0
12
106
204
389
521
428
519
402
391
293
346
261
211
143
27
0
0
0
0
0
0
0
0
0
8
76
93
182
312
610
663
663
575
583
618
377
202
115
28
0
0
0
0
0
0
0
0
0
8
49
256
493
680
807
724
655
505
590
653
261
233
104
29
0
0
0
0
0
0
0
0
0
20
119
245
434
602
738
757
816
755
716
614
370
380
182
22
0
0
0
0
0
0
0
0
0
6
40
69
297
173
383
306
550
867
633
529
452
284
66
23
0
0
0
0
0
0
0
0
0
5
72
146
258
326
238
249
611
340
633
700
436
250
157
37
0
0
0
0
0
0
0
0
0
14
86
267
466
642
797
861
908
912
844
718
544
345
156
32
0
0
0
0
0
0
0
0
0
16
105
291
493
678
835
928
972
959
888
757
581
383
177
27
0
0
0
0
0
0
0
0
0
10
105
276
477
674
830
928
933
864
793
736
572
384
189
33
0
0
0
0
0
0
0
0
0
21
108
287
463
659
818
907
957
935
861
736
567
377
173
17
0
0
0
0
0
0
0
0
0
13
99
253
393
443
642
866
845
737
750
687
514
274
95
21
0
0
0
0
0
0
0
0
0
8
90
191
305
644
688
495
326
505
573
632
465
372
170
20
0
0
0
0
0
0
0
0
0
18
118
295
469
703
849
887
670
781
871
758
587
388
165
34
2
0
0
0
0
0
0
0
0
18
128
310
507
691
799
870
904
863
776
676
631
361
202
41
1
0
0
0
0
0
0
0
0
13
65
274
481
696
838
934
981
959
887
760
593
395
195
42
1
0
0
0
0
0
0
0
0
19
129
319
522
704
849
947
938
924
854
767
590
404
204
45
1
0
0
0
0
0
0
0
0
16
59
289
481
483
822
696
873
204
177
291
217
178
80
38
1
0
0
0
0
0
0
0
0
18
76
150
249
321
427
455
446
477
415
361
288
190
119
31
1
0
0
0
0
0
0
0
0
10
72
160
277
335
239
442
464
451
442
585
470
343
115
19
1
0
0
0
0
0
0
0
0
15
74
175
279
272
550
834
264
904
438
325
483
102
93
35
0
0
0
0
0
0
0
0
0
18
117
140
466
663
826
733
727
841
852
814
539
353
170
46
0
0
0
0
0
0
0
0
0
16
86
132
198
281
389
380
422
415
407
379
526
191
194
53
0
0
0
0
0
0
0
0
0
16
24
71
199
490
426
566
436
558
498
681
542
351
176
41
0
0
0
0
0
0
0
0
0
18
71
109
193
335
407
435
438
533
886
502
266
172
73
25
0
0
0
0
0
0
0
0
0
15
99
201
253
234
261
384
454
394
344
315
307
195
106
41
2
0
0
0
0
0
0
0
0
19
119
307
491
473
842
716
855
749
888
749
456
390
208
53
0
0
0
0
0
0
0
0
0
12
53
201
485
481
743
771
913
495
733
498
289
363
147
52
0
0
0
0
0
0
0
0
0
15
87
165
229
226
264
349
594
730
462
467
353
291
168
43
2
0
0
0
0
0
0
0
0
19
117
305
507
553
740
814
930
699
705
490
326
81
47
49
0
0
0
0
0
0
0
0
0
21
132
316
516
701
848
946
998
912
871
739
532
411
211
61
2
0
0
0
0
0
0
0
0
15
116
301
495
611
723
787
762
735
773
733
604
374
203
47
0
0
0
0
0
0
0
0
0
23
126
305
512
690
805
886
943
879
895
743
548
405
214
58
2
0
0
0
0
0
0
0
0
21
114
290
475
649
789
826
867
749
829
731
513
421
226
63
3
0
0
0
0
0
0
0
0
19
109
279
467
625
756
910
954
942
821
711
442
382
201
55
1
0
0
0
0
0
0
0
0
19
115
290
486
657
762
921
862
871
715
642
599
339
60
30
0
0
0
0
0
0
0
0
0
18
99
292
444
640
750
590
879
908
674
571
465
305
140
32
0
0
0
0
0
0
0
0
0
18
112
289
489
669
784
739
838
912
845
764
600
406
209
56
3
0
0
0
0
0
0
0
0
23
138
327
526
678
803
918
934
897
881
769
587
411
214
68
3
0
0
0
0
0
0
0
0
23
89
300
471
663
811
645
919
934
900
668
492
388
214
60
4
0
0
0
0
0
0
0
0
18
46
98
277
662
710
870
838
824
812
708
567
297
161
32
4
0
0
0
0
0
0
0
0
11
116
60
162
607
596
403
687
773
815
693
349
351
218
43
2
0
0
0
0
0
0
0
0
13
100
245
466
664
769
678
511
497
408
683
467
334
165
45
1
0
0
0
0
0
0
0
0
11
59
126
154
276
314
383
418
411
434
361
188
132
105
48
2
0
0
0
0
0
0
0
0
9
92
263
439
627
749
836
717
446
834
708
591
364
179
50
0
0
0
0
0
0
0
0
0
9
105
274
392
645
742
883
972
879
851
750
537
417
208
56
0
0
0
0
0
0
0
0
0
9
120
195
445
632
749
743
808
909
653
681
441
365
156
30
0
0
0
0
0
0
0
0
0
9
40
80
129
173
207
231
241
285
591
235
543
190
94
34
0
0
0
0
0
0
0
0
0
4
33
71
120
166
434
812
693
894
771
587
515
341
153
45
0
0
0
0
0
0
0
0
0
7
96
87
146
200
798
582
846
855
842
717
581
362
233
58
0
0
0
0
0
0
0
0
0
9
118
303
503
686
834
935
970
971
866
739
602
420
235
58
1
0
0
0
0
0
0
0
0
7
105
259
462
659
773
863
907
915
831
699
577
399
213
57
0
0
0
0
0
0
0
0
0
6
97
258
436
584
745
810
832
926
737
758
362
240
178
37
0
0
0
0
0
0
0
0
0
7
73
235
430
586
624
832
894
917
834
712
544
346
165
51
0
0
0
0
0
0
0
0
0
7
104
285
461
631
812
919
931
959
887
689
509
259
158
36
0
0
0
0
0
0
0
0
0
5
84
245
439
616
713
685
876
882
828
705
552
373
189
52
0
0
0
0
0
0
0
0
0
6
108
288
485
666
803
857
912
850
846
723
614
426
229
63
0
0
0
0
0
0
0
0
0
5
103
283
481
664
812
881
714
694
709
760
583
419
212
60
0
0
0
0
0
0
0
0
0
4
58
181
405
616
694
901
699
278
590
281
176
149
77
45
0
0
0
0
0
0
0
0
0
3
61
245
402
649
797
899
842
870
531
651
520
200
187
54
0
0
0
0
0
0
0
0
0
3
67
287
483
562
804
918
769
765
792
671
547
266
208
62
0
0
0
0
0
0
0
0
0
5
98
270
463
633
812
855
813
696
674
787
544
399
229
61
0
0
0
0
0
0
0
0
0
3
86
254
445
654
800
824
714
700
710
732
577
412
215
53
0
0
0
0
0
0
0
0
0
3
88
134
175
334
491
304
707
348
325
283
224
153
63
24
0
0
0
0
0
0
0
0
0
1
32
61
111
188
233
264
278
573
656
641
577
330
178
43
0
0
0
0
0
0
0
0
0
3
98
222
443
629
649
897
455
473
330
289
185
417
129
37
0
0
0
0
0
0
0
0
0
1
29
59
91
370
448
488
279
277
550
221
171
234
101
37
0
0
0
0
0
0
0
0
0
1
30
65
97
132
197
345
747
640
645
699
546
264
170
41
0
0
0
0
0
0
0
0
0
1
34
73
111
158
163
217
277
693
560
682
547
374
175
36
0
0
0
0
0
0
0
0
0
1
47
95
136
474
667
850
819
842
818
728
566
336
173
36
0
0
0
0
0
0
0
0
0
1
62
157
288
439
709
679
912
808
817
701
470
355
150
35
0
0
0
0
0
0
0
0
0
1
84
203
137
192
235
331
619
870
921
700
573
393
149
39
0
0
0
0
0
0
0
0
0
1
73
244
445
573
715
837
842
810
835
657
560
367
189
37
0
0
0
0
0
0
0
0
0
1
71
242
441
628
778
836
845
902
788
465
552
341
167
33
0
0
0
0
0
0
0
0
0
1
75
249
447
632
741
843
810
632
896
682
581
390
193
37
0
0
0
0
0
0
0
0
0
4
69
106
385
373
288
275
399
366
395
319
221
122
119
26
0
0
0
0
0
0
0
0
0
1
63
233
430
612
762
870
920
913
848
599
543
372
165
34
0
0
0
0
0
0
0
0
0
4
71
233
387
523
730
835
757
851
876
693
400
193
140
22
0
0
0
0
0
0
0
0
0
2
59
158
309
228
376
433
382
441
454
306
216
161
73
30
0
0
0
0
0
0
0
0
0
0
32
70
140
243
354
350
433
453
545
649
490
242
158
24
0
0
0
0
0
0
0
0
0
0
23
184
368
601
745
822
868
769
772
621
413
286
138
25
0
0
0
0
0
0
0
0
0
1
54
216
414
601
774
822
883
830
769
703
538
346
162
33
0
0
0
0
0
0
0
0
0
1
53
94
314
221
265
318
338
500
341
284
475
260
86
18
0
0
0
0
0
0
0
0
0
0
24
126
146
234
309
401
419
886
742
622
492
343
148
33
0
0
0
0
0
0
0
0
0
0
33
70
191
272
317
358
387
448
744
526
520
256
108
30
0
0
0
0
0
0
0
0
0
0
46
197
294
617
499
840
873
862
771
594
542
348
153
28
0
0
0
0
0
0
0
0
0
1
40
185
399
592
754
841
830
818
626
650
482
283
152
26
0
0
0
0
0
0
0
0
0
0
24
170
286
225
621
379
394
500
505
469
347
150
92
25
0
0
0
0
0
0
0
0
0
0
47
196
311
554
682
867
875
860
810
621
320
331
156
29
0
0
0
0
0
0
0
0
0
0
34
161
373
427
711
829
846
734
782
651
490
310
126
17
0
0
0
0
0
0
0
0
0
0
40
162
291
562
659
858
900
833
785
663
506
340
144
24
0
0
0
0
0
0
0
0
0
0
27
93
214
219
642
831
860
857
742
684
528
328
133
22
0
0
0
0
0
0
0
0
0
0
48
213
420
563
715
802
880
851
778
583
494
328
143
24
0
0
0
0
0
0
0
0
0
0
35
174
372
502
642
801
887
858
802
668
501
290
89
12
0
0
0
0
0
0
0
0
0
0
17
113
383
579
738
848
892
887
772
665
479
291
99
16
0
0
0
0
0
0
0
0
0
0
12
66
124
127
236
340
225
387
697
645
481
306
111
19
0
0
0
0
0
0
0
0
0
0
34
191
360
482
369
348
318
314
304
308
217
176
119
18
0
0
0
0
0
0
0
0
0
0
39
153
337
567
502
863
571
721
815
676
489
304
118
16
0
0
0
0
0
0
0
0
0
0
35
167
366
562
668
818
868
847
619
504
312
122
35
9
0
0
0
0
0
0
0
0
0
0
29
49
172
229
335
219
460
437
360
186
231
145
59
13
0
0
0
0
0
0
0
0
0
0
24
105
189
286
493
667
760
815
622
508
513
309
111
17
0
0
0
0
0
0
0
0
0
0
26
108
134
274
181
209
370
224
221
350
272
160
38
7
0
0
0
0
0
0
0
0
0
0
17
112
205
288
390
387
460
419
401
317
257
218
112
11
0
0
0
0
0
0
0
0
0
0
33
169
364
567
730
826
887
825
586
518
481
276
95
10
0
0
0
0
0
0
0
0
0
0
33
153
360
531
651
616
740
704
768
631
447
252
95
10
0
0
0
0
0
0
0
0
0
0
10
86
150
455
681
900
955
728
669
665
488
285
93
8
0
0
0
0
0
0
0
0
0
0
0
178
216
320
650
573
610
664
599
566
348
265
71
0
0
0
0
0
0
0
0
0
0
0
11
179
356
530
631
702
701
747
749
617
456
245
77
0
0
0
0
0
0
0
0
0
0
0
10
171
343
523
669
739
773
789
703
605
320
194
61
0
0
0
0
0
0
0
0
0
0
0
9
172
343
510
657
782
670
362
708
605
439
238
70
0
0
0
0
0
0
0
0
0
0
0
8
182
351
537
676
789
815
776
708
604
444
232
65
0
0
0
0
0
0
0
0
0
0
0
7
166
344
524
688
789
827
788
725
598
416
222
44
0
0
0
0
0
0
0
0
0
0
0
5
149
331
197
354
468
700
361
452
536
162
39
10
0
0
0
0
0
0
0
0
0
0
0
2
71
99
347
569
216
652
557
383
485
367
171
51
0
0
0
0
0
0
0
0
0
0
0
3
125
85
85
107
216
272
237
243
101
75
44
9
0
0
0
0
0
0
0
0
0
0
0
3
135
276
518
657
770
803
799
713
591
414
218
45
0
0
0
0
0
0
0
0
0
0
0
3
145
354
525
651
764
809
793
689
574
381
202
40
0
0
0
0
0
0
0
0
0
0
0
2
146
319
512
632
764
785
704
695
568
391
192
36
0
0
0
0
0
0
0
0
0
0
0
2
138
298
486
651
733
742
734
619
444
225
86
13
0
0
0
0
0
0
0
0
0
0
0
1
139
320
487
614
758
773
763
700
567
395
128
25
0
0
0
0
0
0
0
0
0
0
0
1
93
320
415
639
690
772
763
694
567
373
189
24
0
0
0
0
0
0
0
0
0
0
0
0
94
285
500
614
715
760
769
682
549
383
188
23
0
0
0
0
0
0
0
0
0
0
0
0
95
250
270
639
703
597
467
295
347
202
98
9
0
0
0
0
0
0
0
0
0
0
0
0
58
143
132
120
228
205
361
393
308
186
97
8
0
0
0
0
0
0
0
0
0
0
0
0
19
72
79
285
210
151
160
144
151
90
69
11
0
0
0
0
0
0
0
0
0
0
0
0
128
208
449
614
697
694
674
560
486
349
147
12
0
0
0
0
0
0
0
0
0
0
0
0
40
50
79
488
395
706
691
490
503
332
155
6
0
0
0
0
0
0
0
0
0
0
0
0
131
296
456
583
623
627
632
588
502
347
158
8
0
0
0
0
0
0
0
0
0
0
0
0
112
289
463
596
672
718
626
450
217
116
40
1
0
0
0
0
0
0
0
0
0
0
0
0
103
268
437
330
617
488
466
317
256
273
62
5
0
0
0
0
0
0
0
0
0
0
0
0
115
210
258
159
456
235
372
104
250
277
106
2
0
0
0
0
0
0
0
0
0
0
0
0
63
87
133
545
691
693
673
587
489
308
118
1
0
0
0
0
0
0
0
0
0
0
0
0
107
262
451
590
629
651
649
546
378
302
134
0
0
0
0
0
0
0
0
0
0
0
0
0
98
285
226
286
407
326
236
138
250
296
124
0
0
0
0
0
0
0
0
0
0
0
0
0
111
278
438
565
580
675
690
598
477
295
115
0
0
0
0
0
0
0
0
0
0
0
0
0
101
272
425
546
641
669
660
580
454
305
118
0
0
0
0
0
0
0
0
0
0
0
0
1
39
105
457
436
658
655
691
580
426
285
104
11
0
0
0
0
0
0
0
0
0
0
0
0
44
193
364
600
545
598
618
420
240
301
118
18
0
0
0
0
0
0
0
0
0
0
0
7
91
278
470
619
713
722
727
621
459
219
102
13
0
0
0
0
0
0
0
0
0
0
0
2
69
87
191
264
328
333
299
388
249
147
50
10
0
0
0
0
0
0
0
0
0
0
0
5
85
223
354
413
635
689
629
574
447
209
87
9
0
0
0
0
0
0
0
0
0
0
0
0
38
105
186
454
350
368
296
358
406
172
97
12
0
0
0
0
0
0
0
0
0
0
0
4
79
263
446
465
610
673
659
586
440
268
95
8
0
0
0
0
0
0
0
0
0
0
0
4
82
266
451
600
700
734
709
616
471
286
96
9
0
0
0
0
0
0
0
0
0
0
0
1
53
201
377
519
646
716
687
567
423
174
31
1
0
0
0
0
0
0
0
0
0
0
0
0
40
101
191
245
311
368
175
291
222
121
45
6
0
0
0
0
0
0
0
0
0
0
0
4
75
257
439
587
677
713
685
597
453
271
85
7
0
0
0
0
0
0
0
0
0
0
0
1
59
97
194
424
647
638
632
550
415
244
76
1
0
0
0
0
0
0
0
0
0
0
0
0
53
191
382
480
563
607
355
519
337
194
49
0
0
0
0
0
0
0
0
0
0
0
0
2
45
129
198
214
252
183
182
143
142
75
25
1
0
0
0
0
0
0
0
0
0
0
0
1
21
115
197
287
307
208
299
266
314
94
44
1
0
0
0
0
0
0
0
0
0
0
0
1
60
234
417
561
654
695
627
531
404
222
53
2
0
0
0
0
0
0
0
0
0
0
0
0
19
80
136
235
184
296
313
236
189
70
20
0
0
0
0
0
0
0
0
0
0
0
0
0
39
95
130
244
473
295
162
239
102
81
35
0
0
0
0
0
0
0
0
0
0
0
0
0
53
224
405
552
641
680
648
553
406
226
56
0
0
0
0
0
0
0
0
0
0
0
0
0
44
199
376
522
613
645
613
518
374
196
43
0
0
0
0
0
0
0
0
0
0
0
0
0
29
116
285
497
591
634
598
495
187
147
37
0
0
0
0
0
0
0
0
0
0
0
0
0
22
49
124
120
144
185
202
176
116
68
19
0
0
0
0
0
0
0
0
0
0
0
0
0
42
195
358
410
484
444
251
236
146
66
28
0
0
0
0
0
0
0
0
0
0
0
0
0
44
198
375
524
619
647
616
520
373
194
43
0
0
0
0
0
0
0
0
0
0
0
0
0
38
156
341
474
558
479
508
374
220
158
16
0
0
0
0
0
0
0
0
0
0
0
0
0
20
92
172
135
247
258
267
229
199
58
16
0
0
0
0
0
0
0
0
0
0
0
0
0
14
58
104
146
168
178
285
222
186
102
28
0
0
0
0
0
0
0
0
0
0
0
0
0
39
171
288
472
533
584
524
357
254
111
34
0
0
0
0
0
0
0
0
0
0
0
0
0
35
158
337
454
507
471
527
434
309
165
34
0
0
0
0
0
0
0
0
0
0
0
0
0
40
176
354
493
576
569
530
452
293
166
37
0
0
0
0
0
0
0
0
0
0
0
0
0
28
111
312
450
466
321
427
298
226
111
25
0
0
0
0
0
0
0
0
0
0
0
0
0
39
179
349
424
535
560
392
394
266
96
35
0
0
0
0
0
0
0
0
0
0
0
0
0
34
52
147
187
227
266
252
241
155
87
21
0
0
0
0
0
0
0
0
0
0
0
0
0
34
157
333
388
524
491
509
377
212
150
28
0
0
0
0
0
0
0
0
0
0
0
0
0
17
111
128
214
277
260
279
371
272
104
33
0
0
0
0
0
0
0
0
0
0
0
0
0
19
55
96
210
221
211
219
184
126
78
20
0
0
0
0
0
0
0
0
0
0
0
0
0
21
70
140
213
248
257
512
432
285
123
15
0
0
0
0
0
0
0
0
0
0
0
0
0
10
35
114
190
224
245
296
187
139
74
16
0
0
0
0
0
0
0
0
0
0
0
0
0
17
69
149
214
273
167
277
205
152
70
18
0
0
0
0
0
0
0
0
0
0
0
0
0
25
140
306
446
492
516
454
218
271
118
22
0
0
0
0
0
0
0
0
0
0
0
0
0
18
45
165
193
400
170
229
165
180
96
19
0
0
0
0
0
0
0
0
0
0
0
0
0
14
98
259
388
449
482
467
347
233
96
12
0
0
0
0
0
0
0
0
0
0
0
0
0
19
113
278
421
504
537
506
414
276
118
17
0
0
0
0
0
0
0
0
0
0
0
0
0
22
128
289
421
512
544
514
424
290
128
23
0
0
0
0
0
0
0
0
0
0
0
0
0
4
38
82
94
135
208
131
103
68
37
14
0
0
0
0
0
0
0
0
0
0
0
0
0
16
56
140
104
120
135
110
111
68
32
8
0
0
0
0
0
0
0
0
0
0
0
0
0
12
104
135
166
266
246
191
203
123
70
23
0
0
0
0
0
0
0
0
0
0
0
0
0
15
107
270
348
220
268
277
175
140
55
14
0
0
0
0
0
0
0
0
0
0
0
0
0
15
83
195
274
410
451
485
410
250
91
17
0
0
0
0
0
0
0
0
0
0
0
0
0
4
48
120
209
458
281
454
373
254
104
17
0
0
0
0
0
0
0
0
0
0
0
0
0
12
92
250
386
402
446
302
324
240
89
13
0
0
0
0
0
0
0
0
0
0
0
0
0
14
94
193
192
422
214
297
325
192
105
17
0
0
0
0
0
0
0
0
0
0
0
0
0
3
49
131
70
234
212
205
160
139
54
10
0
0
0
0
0
0
0
0
0
0
0
0
0
10
65
124
307
214
174
203
181
128
93
17
0
0
0
0
0
0
0
0
0
0
0
0
0
11
92
246
382
474
509
479
393
259
102
15
0
0
0
0
0
0
0
0
0
0
0
0
0
6
60
105
144
195
258
202
186
130
65
5
0
0
0
0
0
0
0
0
0
0
0
0
0
8
77
204
330
373
412
425
364
230
57
11
0
0
0
0
0
0
0
0
0
0
0
0
0
4
40
53
114
113
215
197
195
134
58
13
0
0
0
0
0
0
0
0
0
0
0
0
0
2
22
65
74
212
123
129
159
58
47
4
0
0
0
0
0
0
0
0
0
0
0
0
0
1
56
201
254
381
478
412
390
256
101
15
0
0
0
0
0
0
0
0
0
0
0
0
0
8
79
232
368
459
494
468
385
254
98
14
0
0
0
0
0
0
0
0
0
0
0
0
0
0
39
102
189
223
220
208
174
139
80
2
0
0
0
0
0
0
0
0
0
0
0
0
0
6
42
200
327
176
185
341
213
199
77
15
0
0
0
0
0
0
0
0
0
0
0
0
0
0
28
71
111
144
192
118
131
128
25
0
0
0
0
0
0
0
0
0
0
0
0
0
0
4
57
132
309
398
384
294
216
117
32
1
0
0
0
0
0
0
0
0
0
0
0
0
0
0
15
76
114
146
169
150
202
123
19
4
0
0
0
0
0
0
0
0
0
0
0
0
0
3
24
146
128
249
285
432
296
212
73
10
0
0
0
0
0
0
0
0
0
0
0
0
0
0
43
202
329
416
468
415
332
213
75
3
0
0
0
0
0
0
0
0
0
0
0
0
0
0
27
111
185
83
135
141
124
92
55
6
0
0
0
0
0
0
0
0
0
0
0
0
0
3
60
209
367
424
469
350
363
223
92
13
0
0
0
0
0
0
0
0
0
0
0
0
0
0
51
151
242
430
487
454
398
260
89
14
0
0
0
0
0
0
0
0
0
0
0
0
0
0
57
209
353
448
463
397
384
235
97
14
0
0
0
0
0
0
0
0
0
0
0
0
0
0
16
78
118
222
214
278
207
154
68
6
0
0
0
0
0
0
0
0
0
0
0
0
0
0
17
60
105
74
43
143
30
78
34
0
0
0
0
0
0
0
0
0
0
0
0
0
0
0
18
60
64
173
231
237
175
121
12
5
0
0
0
0
0
0
0
0
0
0
0
0
0
0
34
104
76
126
200
222
281
208
68
13
0
0
0
0
0
0
0
0
0
0
0
0
0
0
40
160
295
398
441
420
346
201
71
8
0
0
0
0
0
0
0
0
0
0
0
0
0
0
17
58
104
165
230
147
116
93
40
8
0
0
0
0
0
0
0
0
0
0
0
0
0
0
24
64
103
130
196
195
169
115
44
7
0
0
0
0
0
0
0
0
0
0
0
0
0
0
19
119
143
205
384
366
304
181
74
3
0
0
0
0
0
0
0
0
0
0
0
0
0
0
26
69
112
213
189
174
92
53
49
1
0
0
0
0
0
0
0
0
0
0
0
0
0
0
29
73
158
194
211
194
178
105
52
8
0
0
0
0
0
0
0
0
0
0
0
0
0
0
28
140
265
356
399
386
320
138
54
7
0
0
0
0
0
0
0
0
0
0
0
0
0
0
41
128
222
343
431
415
355
237
83
10
0
0
0
0
0
0
0
0
0
0
0
0
0
0
11
77
133
183
260
195
169
113
32
8
0
0
0
0
0
0
0
0
0
0
0
0
0
0
35
140
177
216
163
211
172
102
80
3
0
0
0
0
0
0
0
0
0
0
0
0
0
0
22
171
279
379
260
335
219
96
37
6
0
0
0
0
0
0
0
0
0
0
0
0
0
0
38
142
223
417
438
404
388
269
111
19
0
0
0
0
0
0
0
0
0
0
0
0
0
0
32
141
206
238
176
420
385
230
71
9
0
0
0
0
0
0
0
0
0
0
0
0
0
0
30
154
296
387
361
361
212
177
63
11
0
0
0
0
0
0
0
0
0
0
0
0
0
0
22
62
118
323
215
150
98
117
70
11
0
0
0
0
0
0
0
0
0
0
0
0
0
0
17
103
138
176
198
209
174
126
70
11
0
0
0
0
0
0
