0
0
0
0
0
0
0
37
160
275
375
446
375
453
303
187
32
4
0
0
0
0
0
0
0
0
0
0
0
0
0
4
49
88
156
158
141
138
90
57
25
0
0
0
0
0
0
0
0
0
0
0
0
0
0
21
74
174
115
129
137
125
103
71
46
3
0
0
0
0
0
0
0
0
0
0
0
0
0
31
162
331
466
546
560
510
398
226
68
3
0
0
0
0
0
0
0
0
0
0
0
0
0
33
120
218
293
285
424
382
145
156
50
6
0
0
0
0
0
0
0
0
0
0
0
0
0
13
89
244
295
306
486
415
309
149
63
2
0
0
0
0
0
0
0
0
0
0
0
0
0
14
74
173
270
405
397
398
375
225
75
5
0
0
0
0
0
0
0
0
0
0
0
0
0
29
123
280
381
438
459
502
422
246
90
11
0
0
0
0
0
0
0
0
0
0
0
0
0
36
172
314
443
540
523
520
407
239
86
10
0
0
0
0
0
0
0
0
0
0
0
0
0
24
115
153
180
405
235
213
267
175
59
10
0
0
0
0
0
0
0
0
0
0
0
0
0
37
176
351
487
565
590
538
427
211
82
7
0
0
0
0
0
0
0
0
0
0
0
0
0
11
78
144
204
334
304
285
209
153
61
5
0
0
0
0
0
0
0
0
0
0
0
0
0
25
110
303
381
386
230
257
161
140
51
5
0
0
0
0
0
0
0
0
0
0
0
0
0
39
183
366
510
595
611
566
452
288
104
12
0
0
0
0
0
0
0
0
0
0
0
0
0
43
174
366
509
590
610
567
452
295
110
16
0
0
0
0
0
0
0
0
0
0
0
0
0
26
142
271
256
353
269
204
184
125
73
12
0
0
0
0
0
0
0
0
0
0
0
0
0
40
161
239
349
371
418
239
359
248
102
16
0
0
0
0
0
0
0
0
0
0
0
0
0
10
37
81
124
131
185
168
124
87
40
7
0
0
0
0
0
0
0
0
0
0
0
0
0
23
89
157
219
270
261
313
389
229
78
8
0
0
0
0
0
0
0
0
0
0
0
0
0
20
48
71
102
141
133
129
115
81
37
5
0
0
0
0
0
0
0
0
0
0
0
0
0
28
95
186
260
276
282
296
227
90
41
6
0
0
0
0
0
0
0
0
0
0
0
0
0
14
98
109
247
267
284
264
221
151
41
7
0
0
0
0
0
0
0
0
0
0
0
0
0
34
197
380
521
607
635
590
482
322
134
24
0
0
0
0
0
0
0
0
0
0
0
0
0
37
180
359
504
590
551
513
255
179
82
16
0
0
0
0
0
0
0
0
0
0
0
0
0
31
161
220
408
510
569
498
427
247
114
15
0
0
0
0
0
0
0
0
0
0
0
0
0
42
192
355
477
549
630
579
452
318
134
22
0
0
0
0
0
0
0
0
0
0
0
0
0
37
182
360
508
593
617
573
313
132
123
20
0
0
0
0
0
0
0
0
0
0
0
0
0
40
187
368
511
605
628
588
485
324
140
22
0
0
0
0
0
0
0
0
0
0
0
0
0
10
57
96
152
163
304
231
202
156
78
17
0
0
0
0
0
0
0
0
0
0
0
0
0
19
76
203
257
354
342
290
208
114
44
10
0
0
0
0
0
0
0
0
0
0
0
0
0
22
87
208
375
388
260
324
231
141
69
24
0
0
0
0
0
0
0
0
0
0
0
0
0
32
171
348
452
491
619
530
490
281
136
14
0
0
0
0
0
0
0
0
0
0
0
0
0
39
208
391
537
627
619
594
346
335
149
17
0
0
0
0
0
0
0
0
0
0
0
0
0
42
93
323
439
428
373
184
155
110
55
6
0
0
0
0
0
0
0
0
0
0
0
0
0
31
184
367
517
611
638
578
454
313
136
14
0
0
0
0
0
0
0
0
0
0
0
0
0
35
196
381
488
550
630
610
503
341
154
17
0
0
0
0
0
0
0
0
0
0
0
0
0
18
59
113
155
182
189
177
147
153
129
17
0
0
0
0
0
0
0
0
0
0
0
0
0
35
73
139
193
276
475
607
327
325
165
20
0
0
0
0
0
0
0
0
0
0
0
0
0
50
195
386
579
672
699
656
548
378
186
25
0
0
0
0
0
0
0
0
0
0
0
0
0
18
67
122
164
190
198
186
156
110
55
10
0
0
0
0
0
0
0
0
0
0
0
0
0
16
41
77
129
151
658
176
145
200
129
23
0
0
0
0
0
0
0
0
0
0
0
0
0
19
76
131
173
199
206
194
165
120
63
10
0
0
0
0
0
0
0
0
0
0
0
0
0
51
199
327
471
685
660
446
167
122
65
11
0
0
0
0
0
0
0
0
0
0
0
0
0
24
64
118
162
189
197
185
154
107
52
15
0
0
0
0
0
0
0
0
0
0
0
0
0
19
57
103
117
135
141
132
111
78
39
10
0
0
0
0
0
0
0
0
0
0
0
0
0
17
47
85
116
135
140
132
110
77
38
11
0
0
0
0
0
0
0
0
0
0
0
0
0
24
54
99
136
159
165
155
129
89
76
17
0
0
0
0
0
0
0
0
0
0
0
0
0
54
205
211
477
633
657
559
464
333
193
27
0
0
0
0
0
0
0
0
0
0
0
0
0
67
256
433
596
609
564
604
445
394
190
34
0
0
0
0
0
0
0
0
0
0
0
0
0
83
258
449
573
721
747
705
596
431
231
45
0
0
0
0
0
0
0
0
0
0
0
0
0
72
224
433
536
638
672
628
548
386
174
38
0
0
0
0
0
0
0
0
0
0
0
0
0
80
276
471
624
718
744
701
566
404
222
45
0
0
0
0
0
0
0
0
0
0
0
0
0
79
276
439
551
566
457
517
347
328
98
24
0
0
0
0
0
0
0
0
0
0
0
0
0
94
232
347
315
250
621
466
453
269
184
46
0
0
0
0
0
0
0
0
0
0
0
0
1
92
291
487
640
734
760
717
607
441
239
51
0
0
0
0
0
0
0
0
0
0
0
0
1
92
290
487
641
735
760
716
525
417
222
42
0
0
0
0
0
0
0
0
0
0
0
0
0
39
101
157
198
223
230
218
189
143
85
23
0
0
0
0
0
0
0
0
0
0
0
0
1
45
115
99
130
177
183
207
264
268
149
47
0
0
0
0
0
0
0
0
0
0
0
0
1
27
76
147
191
217
224
211
180
133
74
22
0
0
0
0
0
0
0
0
0
0
0
0
11
103
296
475
626
764
788
735
599
425
213
45
0
0
0
0
0
0
0
0
0
0
0
0
1
43
143
240
349
331
330
340
283
177
107
35
2
0
0
0
0
0
0
0
0
0
0
0
7
32
88
169
301
321
413
317
281
232
159
51
2
0
0
0
0
0
0
0
0
0
0
0
6
38
106
148
188
212
245
204
199
171
89
19
1
0
0
0
0
0
0
0
0
0
0
0
8
43
176
247
337
335
416
227
192
255
145
56
2
0
0
0
0
0
0
0
0
0
0
0
14
76
197
257
350
368
367
367
336
239
144
51
2
0
0
0
0
0
0
0
0
0
0
0
12
76
205
318
262
536
514
694
597
467
256
68
2
0
0
0
0
0
0
0
0
0
0
0
4
76
140
198
530
653
814
715
654
487
277
76
2
0
0
0
0
0
0
0
0
0
0
0
8
77
148
268
498
798
826
774
665
467
244
70
3
0
0
0
0
0
0
0
0
0
0
0
23
150
344
504
647
807
822
783
668
503
296
89
6
0
0
0
0
0
0
0
0
0
0
0
27
163
348
537
729
803
835
727
628
439
290
77
7
0
0
0
0
0
0
0
0
0
0
0
23
139
347
501
664
677
704
643
546
376
205
74
5
0
0
0
0
0
0
0
0
0
0
0
23
93
214
403
479
314
251
296
334
327
127
65
2
0
0
0
0
0
0
0
0
0
0
0
13
75
161
279
474
490
491
648
480
396
260
95
12
0
0
0
0
0
0
0
0
0
0
0
22
92
157
514
704
588
615
798
593
488
239
89
7
0
0
0
0
0
0
0
0
0
0
0
34
167
382
542
725
772
866
815
701
532
324
109
12
0
0
0
0
0
0
0
0
0
0
0
27
120
171
238
571
632
802
659
603
425
263
76
4
0
0
0
0
0
0
0
0
0
0
0
20
68
162
292
324
327
355
398
570
186
147
63
3
0
0
0
0
0
0
0
0
0
0
0
19
70
114
380
298
275
357
179
142
158
66
28
5
0
0
0
0
0
0
0
0
0
0
0
24
109
188
283
342
388
408
370
290
286
180
74
0
0
0
0
0
0
0
0
0
0
0
0
16
54
178
209
312
347
217
357
325
257
275
96
7
0
0
0
0
0
0
0
0
0
0
0
45
150
367
601
711
578
727
569
493
370
238
110
16
0
0
0
0
0
0
0
0
0
0
0
35
183
402
601
755
848
863
815
695
517
303
98
9
0
0
0
0
0
0
0
0
0
0
0
33
212
404
585
721
755
756
683
657
416
259
106
10
0
0
0
0
0
0
0
0
0
0
0
46
224
407
603
723
801
796
787
591
494
285
112
14
0
0
0
0
0
0
0
0
0
0
0
28
203
343
254
279
547
491
542
315
267
163
69
8
0
0
0
0
0
0
0
0
0
0
0
15
35
123
333
550
192
323
540
435
488
315
118
14
0
0
0
0
0
0
0
0
0
0
0
37
97
298
404
667
764
740
618
354
113
90
44
5
0
0
0
0
0
0
0
0
0
0
0
17
55
203
317
372
602
315
352
467
365
142
46
9
0
0
0
0
0
0
0
0
0
0
0
26
75
196
505
510
723
829
741
543
157
79
102
8
0
0
0
0
0
0
0
0
0
0
0
47
228
430
647
790
882
892
841
722
547
330
118
14
0
0
0
0
0
0
0
0
0
0
0
86
277
467
669
786
842
885
844
721
541
341
123
0
0
0
0
0
0
0
0
0
0
0
0
81
276
480
662
786
890
897
827
715
553
357
145
0
0
0
0
0
0
0
0
0
0
0
0
92
282
473
674
798
884
873
803
670
542
327
142
0
0
0
0
0
0
0
0
0
0
0
0
88
289
472
661
804
902
915
862
738
570
363
151
1
0
0
0
0
0
0
0
0
0
0
0
98
250
209
539
698
805
789
662
555
254
156
147
1
0
0
0
0
0
0
0
0
0
0
0
95
294
498
673
760
841
903
704
613
432
146
78
0
0
0
0
0
0
0
0
0
0
0
0
13
45
81
314
131
146
855
850
716
515
354
70
1
0
0
0
0
0
0
0
0
0
0
0
101
306
510
679
815
908
915
844
687
543
339
158
1
0
0
0
0
0
0
0
0
0
0
0
110
313
509
691
815
926
921
850
733
565
355
154
3
0
0
0
0
0
0
0
0
0
0
0
36
59
107
154
131
201
813
211
172
161
68
66
2
0
0
0
0
0
0
0
0
0
0
0
69
81
120
205
417
773
556
639
596
266
162
89
4
0
0
0
0
0
0
0
0
0
0
0
124
140
87
224
162
177
155
170
201
128
84
45
4
0
0
0
0
0
0
0
0
0
0
0
122
242
380
543
733
846
867
786
745
571
382
165
7
0
0
0
0
0
0
0
0
0
0
0
130
337
533
709
851
919
932
885
757
583
382
170
7
0
0
0
0
0
0
0
0
0
0
0
127
343
539
721
845
943
956
868
740
577
398
171
9
0
0
0
0
0
0
0
0
0
0
0
135
342
532
721
845
949
926
874
545
389
367
176
9
0
0
0
0
0
0
0
0
0
0
0
133
341
512
695
770
937
962
862
740
589
399
163
11
0
0
0
0
0
0
0
0
0
0
0
141
355
498
567
850
937
866
669
746
500
352
127
12
0
0
0
0
0
0
0
0
0
0
0
60
137
166
548
807
432
436
369
195
117
137
46
5
0
0
0
0
0
0
0
0
0
0
0
147
346
543
541
620
255
920
710
671
595
190
50
7
0
0
0
0
0
0
0
0
0
0
0
48
137
205
121
136
213
149
152
666
256
321
37
16
0
0
0
0
0
0
0
0
0
0
0
29
57
271
343
397
772
771
592
407
512
359
147
9
0
0
0
0
0
0
0
0
0
0
0
94
236
93
121
341
663
818
422
568
384
164
171
10
0
0
0
0
0
0
0
0
0
0
0
56
100
284
273
279
480
340
217
189
106
63
32
8
0
0
0
0
0
0
0
0
0
0
1
74
142
158
121
192
231
245
270
448
384
381
102
10
0
0
0
0
0
0
0
0
0
0
2
164
377
567
540
638
906
968
909
775
613
249
149
24
0
0
0
0
0
0
0
0
0
0
3
172
383
587
749
892
978
968
903
787
624
413
201
24
0
0
0
0
0
0
0
0
0
0
4
170
383
586
768
892
954
938
868
701
613
413
122
25
0
0
0
0
0
0
0
0
0
0
5
178
389
217
279
229
164
239
194
195
139
69
61
5
0
0
0
0
0
0
0
0
0
0
3
79
191
184
140
142
693
675
827
724
563
371
202
26
0
0
0
0
0
0
0
0
0
0
20
88
169
161
284
472
215
411
357
333
317
218
116
28
0
0
0
0
0
0
0
0
0
0
10
71
191
289
356
614
720
643
604
424
263
173
48
37
0
0
0
0
0
0
0
0
0
0
14
132
324
561
751
787
945
771
756
506
483
389
196
38
0
0
0
0
0
0
0
0
0
0
33
176
391
608
727
882
885
838
886
777
560
313
205
42
0
0
0
0
0
0
0
0
0
0
27
147
306
491
594
847
799
812
782
733
584
298
127
24
0
0
0
0
0
0
0
0
0
0
37
184
400
615
759
849
747
956
890
815
617
370
203
46
0
0
0
0
0
0
0
0
0
0
26
138
239
387
442
586
517
621
620
316
381
257
59
26
0
0
0
0
0
0
0
0
0
0
36
141
334
410
675
684
894
952
843
701
643
327
181
46
0
0
0
0
0
0
0
0
0
0
30
173
393
606
788
841
937
939
898
760
600
415
205
43
0
0
0
0
0
0
0
0
0
0
31
176
383
600
788
867
927
929
850
655
493
315
170
32
0
0
0
0
0
0
0
0
0
0
22
108
274
332
316
473
556
599
800
761
521
396
181
31
0
0
0
0
0
0
0
0
0
0
18
82
167
163
361
373
252
491
402
248
342
221
139
46
0
0
0
0
0
0
0
0
0
0
20
95
198
254
608
680
911
570
781
611
306
206
83
24
0
0
0
0
0
0
0
0
0
0
24
136
298
487
642
804
890
870
788
731
351
266
112
21
0
0
0
0
0
0
0
0
0
0
17
82
176
161
327
378
485
489
456
218
288
218
112
34
0
0
0
0
0
0
0
0
0
0
27
96
195
290
374
453
476
529
540
528
419
217
121
30
1
0
0
0
0
0
0
0
0
0
21
118
353
578
765
815
673
905
733
699
598
401
208
45
1
0
0
0
0
0
0
0
0
0
36
176
313
524
674
907
895
820
693
421
454
282
178
37
0
0
0
0
0
0
0
0
0
0
16
65
159
222
360
386
389
397
467
377
294
244
176
38
0
0
0
0
0
0
0
0
0
0
28
191
389
591
797
867
679
918
698
603
482
330
174
47
0
0
0
0
0
0
0
0
0
0
23
112
210
147
379
378
492
546
484
629
415
171
89
22
1
0
0
0
0
0
0
0
0
0
23
80
172
162
333
396
304
458
418
242
316
236
70
36
2
0
0
0
0
0
0
0
0
0
32
105
210
314
351
418
455
667
704
734
602
388
167
48
0
0
0
0
0
0
0
0
0
0
37
180
394
605
762
877
929
747
903
765
603
394
207
57
1
0
0
0
0
0
0
0
0
0
33
165
350
577
640
700
766
817
777
789
552
403
210
54
1
0
0
0
0
0
0
0
0
0
28
175
387
604
737
852
938
949
884
806
643
438
227
58
2
0
0
0
0
0
0
0
0
0
43
195
374
540
728
804
845
961
826
643
496
368
198
53
1
0
0
0
0
0
0
0
0
0
33
199
393
554
743
852
915
899
855
382
378
125
62
33
2
0
0
0
0
0
0
0
0
0
22
122
217
241
277
420
825
713
675
563
561
338
133
49
1
0
0
0
0
0
0
0
0
0
11
89
171
235
542
896
860
812
756
599
548
414
234
77
3
0
0
0
0
0
0
0
0
0
24
127
256
433
697
562
659
816
820
801
542
295
230
59
2
0
0
0
0
0
0
0
0
0
22
62
125
129
233
268
287
202
274
243
246
139
98
61
1
0
0
0
0
0
0
0
0
0
45
180
425
628
799
911
933
945
820
807
667
475
263
78
1
0
0
0
0
0
0
0
0
0
32
84
323
448
742
807
911
748
904
560
562
178
168
69
1
0
0
0
0
0
0
0
0
0
42
185
377
586
716
558
654
608
759
672
488
134
90
45
1
0
0
0
0
0
0
0
0
0
43
183
304
588
707
701
586
965
887
633
455
475
267
82
1
0
0
0
0
0
0
0
0
0
26
118
298
473
646
658
648
480
342
408
543
321
227
65
1
0
0
0
0
0
0
0
0
0
43
104
173
178
477
635
774
708
601
577
537
387
220
57
1
0
0
0
0
0
0
0
0
0
31
215
314
183
232
665
764
289
274
696
581
293
190
57
2
0
0
0
0
0
0
0
0
0
55
133
436
363
238
272
625
692
875
555
631
344
255
86
2
0
0
0
0
0
0
0
0
0
45
173
355
602
741
749
713
950
878
491
382
400
241
78
2
0
0
0
0
0
0
0
0
0
42
200
404
559
768
860
865
845
886
805
632
446
228
79
2
0
0
0
0
0
0
0
0
0
33
177
372
551
784
933
847
745
902
761
444
172
149
68
2
0
0
0
0
0
0
0
0
0
38
168
319
186
687
696
721
820
575
668
484
397
250
85
2
0
0
0
0
0
0
0
0
0
38
202
345
571
659
857
855
890
605
777
572
442
266
78
2
0
0
0
0
0
0
0
0
0
42
199
389
389
690
848
868
944
870
752
632
432
244
70
3
0
0
0
0
0
0
0
0
0
43
178
388
591
747
584
912
862
661
754
670
345
252
88
3
0
0
0
0
0
0
0
0
0
40
137
240
400
734
823
465
799
751
747
604
414
202
65
2
0
0
0
0
0
0
0
0
0
28
177
351
600
730
870
910
838
800
710
588
369
259
77
3
0
0
0
0
0
0
0
0
0
45
142
382
382
761
719
363
524
616
667
623
439
194
91
3
0
0
0
0
0
0
0
0
0
39
169
237
480
700
760
913
917
901
712
493
431
238
76
3
0
0
0
0
0
0
0
0
0
38
172
367
550
746
731
651
741
854
806
641
475
251
77
3
0
0
0
0
0
0
0
0
0
39
183
380
585
676
872
704
926
888
685
568
266
254
81
3
0
0
0
0
0
0
0
0
0
37
155
312
531
700
860
897
858
853
742
554
401
213
66
3
0
0
0
0
0
0
0
0
0
27
177
312
409
476
846
899
864
825
738
651
406
270
90
3
0
0
0
0
0
0
0
0
0
40
181
388
301
694
548
287
864
767
695
535
321
228
58
4
0
0
0
0
0
0
0
0
0
18
109
100
376
229
404
369
766
716
794
201
144
82
55
3
0
0
0
0
0
0
0
0
0
30
141
272
231
292
336
922
980
914
837
685
497
291
102
4
0
0
0
0
0
0
0
0
0
34
178
380
584
759
841
911
939
886
738
591
440
257
82
3
0
0
0
0
0
0
0
0
0
34
181
384
587
761
813
908
926
849
646
653
441
263
82
3
0
0
0
0
0
0
0
0
0
43
210
416
615
785
871
943
935
904
731
653
482
285
93
4
0
0
0
0
0
0
0
0
0
20
71
293
514
558
688
617
888
862
620
333
340
165
85
11
0
0
0
0
0
0
0
0
0
41
170
381
554
658
624
717
583
699
513
311
174
113
39
7
0
0
0
0
0
0
0
0
0
41
179
323
448
749
797
876
859
859
688
517
485
258
97
12
0
0
0
0
0
0
0
0
0
19
147
257
346
191
288
385
510
215
313
370
361
225
69
11
0
0
0
0
0
0
0
0
0
21
61
163
300
532
827
883
916
664
652
537
398
270
70
10
0
0
0
0
0
0
0
0
0
34
143
332
535
634
791
864
926
747
659
570
442
263
93
13
0
0
0
0
0
0
0
0
0
33
132
337
530
676
856
827
896
856
707
531
242
185
35
4
0
0
0
0
0
0
0
0
0
30
115
284
364
544
591
411
542
650
683
451
359
197
49
8
0
0
0
0
0
0
0
0
0
28
125
262
525
193
716
664
689
736
499
544
424
252
75
7
0
0
0
0
0
0
0
0
0
12
158
388
471
690
650
873
730
753
625
422
389
259
71
8
0
0
0
0
0
0
0
0
0
28
157
325
453
694
863
720
785
813
544
472
365
204
70
7
0
0
0
0
0
0
0
0
0
32
126
355
489
692
829
978
927
871
773
493
426
199
72
6
0
0
0
0
0
0
0
0
0
14
49
81
138
566
741
790
989
416
628
362
260
156
40
8
0
0
0
0
0
0
0
0
0
24
159
361
480
727
810
918
899
788
780
577
348
254
54
6
0
0
0
0
0
0
0
0
0
35
184
377
574
789
908
989
1005
957
850
578
479
286
95
10
0
0
0
0
0
0
0
0
0
32
183
386
594
767
900
917
935
879
792
644
490
283
93
9
0
0
0
0
0
0
0
0
0
32
169
350
526
625
702
680
698
552
435
488
426
175
52
6
0
0
0
0
0
0
0
0
0
27
157
365
541
746
826
892
876
872
796
625
433
258
80
8
0
0
0
0
0
0
0
0
0
31
170
375
581
758
891
930
736
782
776
586
484
262
85
8
0
0
0
0
0
0
0
0
0
31
169
374
580
755
843
913
803
784
798
509
452
267
84
7
0
0
0
0
0
0
0
0
0
33
136
340
534
608
729
896
920
885
819
602
387
285
94
9
0
0
0
0
0
0
0
0
0
28
135
324
537
709
803
747
881
828
746
603
344
161
68
5
0
0
0
0
0
0
0
0
0
19
77
202
320
522
538
583
856
634
694
630
356
193
48
1
0
0
0
0
0
0
0
0
0
15
25
155
479
248
407
396
605
764
247
275
235
192
55
4
0
0
0
0
0
0
0
0
0
24
149
344
461
658
802
838
781
799
692
391
193
120
29
7
0
0
0
0
0
0
0
0
0
33
150
239
537
710
825
760
958
808
675
514
305
264
70
3
0
0
0
0
0
0
0
0
0
25
149
350
560
641
696
719
891
832
684
637
414
215
52
2
0
0
0
0
0
0
0
0
0
26
149
355
563
741
835
916
914
872
737
649
431
248
59
4
0
0
0
0
0
0
0
0
0
20
147
347
556
693
805
931
826
780
411
535
335
187
58
2
0
0
0
0
0
0
0
0
0
25
146
360
563
738
865
903
954
843
758
594
469
242
59
2
0
0
0
0
0
0
0
0
0
21
149
351
560
736
863
884
852
842
756
600
423
184
66
2
0
0
0
0
0
0
0
0
0
7
55
180
150
199
227
377
348
395
292
442
425
248
52
1
0
0
0
0
0
0
0
0
0
22
91
179
216
354
277
710
753
568
565
532
134
202
43
1
0
0
0
0
0
0
0
0
0
16
119
272
413
734
552
628
833
759
699
597
337
201
53
2
0
0
0
0
0
0
0
0
0
17
123
214
394
665
807
844
201
302
299
259
171
201
28
0
0
0
0
0
0
0
0
0
0
14
107
288
493
635
667
534
719
800
760
587
372
175
41
0
0
0
0
0
0
0
0
0
0
25
145
337
459
664
796
830
839
777
651
365
405
250
56
1
0
0
0
0
0
0
0
0
0
14
111
207
337
429
589
549
499
567
675
525
295
142
37
0
0
0
0
0
0
0
0
0
0
21
131
325
554
706
852
946
816
855
761
601
421
209
49
1
0
0
0
0
0
0
0
0
0
15
118
282
514
704
828
882
907
877
704
607
384
208
50
1
0
0
0
0
0
0
0
0
0
22
145
353
561
747
878
954
971
755
691
555
409
223
50
0
0
0
0
0
0
0
0
0
0
13
112
307
515
666
742
782
804
627
613
360
310
127
37
0
0
0
0
0
0
0
0
0
0
7
63
145
312
525
549
639
777
773
739
509
435
150
33
0
0
0
0
0
0
0
0
0
0
5
28
87
167
193
364
563
829
915
324
284
308
178
46
0
0
0
0
0
0
0
0
0
0
9
51
147
247
334
400
586
854
734
716
619
352
192
16
0
0
0
0
0
0
0
0
0
0
10
104
238
402
572
751
678
659
601
707
579
341
146
39
0
0
0
0
0
0
0
0
0
0
12
94
295
492
664
794
792
871
832
719
554
386
197
41
0
0
0
0
0
0
0
0
0
0
9
98
288
516
698
838
795
901
842
740
576
401
189
38
0
0
0
0
0
0
0
0
0
0
15
122
327
536
715
778
868
841
715
713
613
405
190
41
0
0
0
0
0
0
0
0
0
0
16
115
315
530
707
842
815
991
693
696
463
376
188
35
0
0
0
0
0
0
0
0
0
0
10
83
285
442
666
784
860
347
569
507
530
189
70
36
0
0
0
0
0
0
0
0
0
0
11
108
240
496
711
782
903
879
831
762
575
391
184
38
0
0
0
0
0
0
0
0
0
0
13
110
297
468
645
723
857
861
818
684
559
406
193
39
0
0
0
0
0
0
0
0
0
0
6
57
253
441
639
782
822
836
788
712
547
344
129
30
0
0
0
0
0
0
0
0
0
0
14
104
311
522
703
702
836
866
784
682
491
356
150
25
0
0
0
0
0
0
0
0
0
0
10
103
299
511
694
830
905
820
823
666
428
262
82
23
0
0
0
0
0
0
0
0
0
0
8
95
291
503
686
817
900
912
857
700
544
373
162
30
0
0
0
0
0
0
0
0
0
0
12
108
311
525
705
837
917
926
791
735
587
380
177
34
0
0
0
0
0
0
0
0
0
0
6
96
293
499
690
824
903
922
865
749
583
374
161
29
0
0
0
0
0
0
0
0
0
0
9
97
282
490
627
808
818
791
781
666
533
357
160
31
0
0
0
0
0
0
0
0
0
0
8
104
293
492
693
829
906
922
868
756
588
384
169
30
0
0
0
0
0
0
0
0
0
0
6
86
280
493
680
818
894
880
813
724
556
349
141
23
0
0
0
0
0
0
0
0
0
0
5
66
195
305
432
412
619
407
739
528
523
239
114
21
0
0
0
0
0
0
0
0
0
0
2
59
165
477
541
680
727
653
653
660
252
270
114
14
0
0
0
0
0
0
0
0
0
0
4
61
119
368
444
136
220
198
242
509
335
251
115
20
0
0
0
0
0
0
0
0
0
0
7
96
304
518
701
840
857
857
789
669
368
265
87
18
0
0
0
0
0
0
0
0
0
0
1
70
253
466
658
757
833
819
694
590
391
216
88
11
0
0
0
0
0
0
0
0
0
0
3
77
266
485
675
813
894
903
843
720
542
326
117
15
0
0
0
0
0
0
0
0
0
0
5
88
298
518
706
846
917
929
767
669
510
308
98
12
0
0
0
0
0
0
0
0
0
0
3
82
294
444
621
754
802
873
851
714
550
343
129
17
0
0
0
0
0
0
0
0
0
0
2
52
238
442
627
782
861
865
804
680
503
295
98
10
0
0
0
0
0
0
0
0
0
0
1
63
248
423
577
756
695
818
661
624
131
112
52
8
0
0
0
0
0
0
0
0
0
0
0
26
64
222
176
214
438
429
360
310
260
138
60
8
0
0
0
0
0
0
0
0
0
0
1
66
243
462
661
797
866
873
746
660
501
298
102
10
0
0
0
0
0
0
0
0
0
0
1
64
252
464
621
745
610
803
753
633
439
263
87
7
0
0
0
0
0
0
0
0
0
0
2
70
265
475
598
745
724
853
821
597
421
295
90
5
0
0
0
0
0
0
0
0
0
0
0
60
235
461
643
767
799
707
596
452
313
187
77
2
0
0
0
0
0
0
0
0
0
0
0
34
101
182
213
461
195
322
358
424
304
175
57
3
0
0
0
0
0
0
0
0
0
0
0
35
139
176
258
322
207
365
606
633
344
169
54
2
0
0
0
0
0
0
0
0
0
0
1
34
132
216
296
536
604
487
561
489
364
229
58
0
0
0
0
0
0
0
0
0
0
0
0
22
84
201
259
402
271
300
513
487
335
202
37
1
0
0
0
0
0
0
0
0
0
0
1
34
171
468
603
718
843
781
699
529
382
172
52
2
0
0
0
0
0
0
0
0
0
0
0
35
175
156
362
478
349
682
578
501
436
249
63
2
0
0
0
0
0
0
0
0
0
0
0
61
255
464
643
746
798
621
703
601
427
226
68
2
0
0
0
0
0
0
0
0
0
0
0
55
242
428
586
622
614
750
690
567
387
61
42
1
0
0
0
0
0
0
0
0
0
0
0
27
49
169
253
410
269
679
676
446
331
104
40
0
0
0
0
0
0
0
0
0
0
0
0
45
77
173
207
280
308
506
407
404
403
194
44
0
0
0
0
0
0
0
0
0
0
0
0
57
252
464
645
780
847
843
780
650
468
254
60
0
0
0
0
0
0
0
0
0
0
0
0
56
246
458
641
771
838
839
767
635
452
240
56
0
0
0
0
0
0
0
0
0
0
0
0
30
85
198
592
599
717
720
641
361
345
170
43
0
0
0
0
0
0
0
0
0
0
0
0
35
191
385
602
621
691
616
558
373
307
158
38
0
0
0
0
0
0
0
0
0
0
0
0
20
68
153
266
350
349
201
180
155
125
65
18
0
0
0
0
0
0
0
0
0
0
0
0
27
168
231
290
632
616
602
582
517
249
201
33
0
0
0
0
0
0
0
0
0
0
0
0
26
170
281
413
403
563
557
408
453
299
120
22
0
0
0
0
0
0
0
0
0
0
0
0
41
202
411
595
731
800
795
719
585
396
187
36
0
0
0
0
0
0
0
0
0
0
0
0
48
195
374
523
689
725
726
700
561
304
170
28
0
0
0
0
0
0
0
0
0
0
0
0
20
141
194
383
476
508
458
353
350
108
56
23
0
0
0
0
0
0
0
0
0
0
0
0
19
149
195
277
224
311
401
305
196
242
158
25
0
0
0
0
0
0
0
0
0
0
0
0
25
76
153
224
350
293
361
185
155
117
54
15
0
0
0
0
0
0
0
0
0
0
0
0
31
156
309
289
274
245
612
581
406
261
96
21
0
0
0
0
0
0
0
0
0
0
0
0
44
213
419
602
726
791
789
716
578
348
168
22
0
0
0
0
0
0
0
0
0
0
0
0
31
129
277
492
715
761
771
704
572
394
187
36
0
0
0
0
0
0
0
0
0
0
0
0
30
69
171
543
294
702
684
694
561
376
169
31
0
0
0
0
0
0
0
0
0
0
0
0
34
184
391
575
668
743
707
652
546
354
151
26
0
0
0
0
0
0
0
0
0
0
0
0
46
213
421
600
729
792
787
713
573
388
177
34
0
0
0
0
0
0
0
0
0
0
0
0
39
198
406
585
711
774
766
691
552
367
151
25
0
0
0
0
0
0
0
0
0
0
0
0
22
146
245
430
589
591
674
498
322
300
117
14
0
0
0
0
0
0
0
0
0
0
0
0
32
132
356
538
706
760
746
684
544
355
150
24
0
0
0
0
0
0
0
0
0
0
0
0
39
195
401
578
704
765
693
635
458
326
142
25
0
0
0
0
0
0
0
0
0
0
0
0
29
160
314
495
633
663
697
609
521
341
141
21
0
0
0
0
0
0
0
0
0
0
0
0
32
176
378
554
682
743
736
663
524
339
137
20
0
0
0
0
0
0
0
0
0
0
0
0
27
156
345
494
600
677
670
562
472
323
125
18
0
0
0
0
0
0
0
0
0
0
0
0
35
150
291
504
594
726
702
645
398
193
106
14
0
0
0
0
0
0
0
0
0
0
0
0
27
146
256
311
631
657
675
588
463
271
117
19
0
0
0
0
0
0
0
0
0
0
0
0
23
126
307
356
476
628
568
458
361
184
90
9
0
0
0
0
0
0
0
0
0
0
0
0
17
100
217
385
488
259
254
198
162
115
61
7
0
0
0
0
0
0
0
0
0
0
0
0
21
74
191
250
293
421
486
339
411
259
108
12
0
0
0
0
0
0
0
0
0
0
0
0
22
144
321
480
629
686
678
603
472
288
101
10
0
0
0
0
0
0
0
0
0
0
0
0
28
157
354
525
595
641
576
565
427
276
67
11
0
0
0
0
0
0
0
0
0
0
0
0
20
71
170
196
308
269
253
237
187
155
61
3
0
0
0
0
0
0
0
0
0
0
0
0
19
87
204
329
497
463
614
549
425
262
69
7
0
0
0
0
0
0
0
0
0
0
0
0
22
131
306
442
425
520
575
459
343
141
83
4
0
0
0
0
0
0
0
0
0
0
0
0
20
92
252
255
269
131
378
244
171
111
64
3
0
0
0
0
0
0
0
0
0
0
0
0
16
121
295
464
611
595
616
466
356
221
71
5
0
0
0
0
0
0
0
0
0
0
0
0
16
124
295
471
597
666
658
581
445
268
84
6
0
0
0
0
0
0
0
0
0
0
0
0
20
135
324
491
610
667
660
586
453
277
90
8
0
0
0
0
0
0
0
0
0
0
0
0
10
94
266
422
537
620
606
498
379
220
68
4
0
0
0
0
0
0
0
0
0
0
0
0
12
116
287
425
573
600
598
518
408
254
61
4
0
0
0
0
0
0
0
0
0
0
0
0
6
89
247
369
250
250
210
236
110
102
39
1
0
0
0
0
0
0
0
0
0
0
0
0
9
67
155
360
461
547
617
534
412
264
80
5
0
0
0
0
0
0
0
0
0
0
0
0
16
120
310
479
599
660
651
575
442
264
78
4
0
0
0
0
0
0
0
0
0
0
0
0
13
114
300
467
552
603
596
519
408
209
66
2
0
0
0
0
0
0
0
0
0
0
0
0
7
92
236
396
530
463
507
451
374
220
60
1
0
0
0
0
0
0
0
0
0
0
0
0
8
81
247
385
488
518
454
450
235
128
50
0
0
0
0
0
0
0
0
0
0
0
0
0
0
47
142
256
246
328
332
518
379
200
52
0
0
0
0
0
0
0
0
0
0
0
0
0
5
77
265
412
509
603
517
490
376
235
67
1
0
0
0
0
0
0
0
0
0
0
0
0
2
27
98
133
227
149
238
209
117
105
31
1
0
0
0
0
0
0
0
0
0
0
0
0
5
55
78
201
253
168
267
257
115
123
39
1
0
0
0
0
0
0
0
0
0
0
0
0
5
53
83
233
281
174
309
261
120
130
34
0
0
0
0
0
0
0
0
0
0
0
0
0
4
57
157
210
277
288
335
388
352
193
56
0
0
0
0
0
0
0
0
0
0
0
0
0
6
85
265
434
553
618
612
538
409
234
57
0
0
0
0
0
0
0
0
0
0
0
0
0
0
47
157
225
346
363
418
332
212
137
41
0
0
0
0
0
0
0
0
0
0
0
0
0
1
40
120
219
288
314
348
311
176
130
26
0
0
0
0
0
0
0
0
0
0
0
0
0
0
42
85
172
309
378
272
210
157
126
35
0
0
0
0
0
0
0
0
0
0
0
0
0
4
28
49
133
233
139
226
235
102
105
31
0
0
0
0
0
0
0
0
0
0
0
0
0
2
42
116
188
235
271
321
282
223
149
30
0
0
0
0
0
0
0
0
0
0
0
0
0
2
41
152
260
183
359
428
419
341
187
52
0
0
0
0
0
0
0
0
0
0
0
0
0
2
47
178
263
335
353
371
300
155
86
36
0
0
0
0
0
0
0
0
0
0
0
0
0
0
33
88
145
203
150
228
233
164
112
30
0
0
0
0
0
0
0
0
0
0
0
0
0
1
49
179
213
298
200
224
225
134
100
32
0
0
0
0
0
0
0
0
0
0
0
0
0
1
51
188
347
433
560
507
415
323
133
44
0
0
0
0
0
0
0
0
0
0
0
0
0
0
56
225
384
504
562
564
497
377
213
54
0
0
0
0
0
0
0
0
0
0
0
0
0
0
49
188
273
350
487
399
449
244
164
47
0
0
0
0
0
0
0
0
0
0
0
0
0
0
43
199
349
454
527
533
475
352
180
40
0
0
0
0
0
0
0
0
0
0
0
0
0
0
38
191
279
346
320
508
497
373
146
42
0
0
0
0
0
0
0
0
0
0
0
0
0
0
20
103
128
171
213
468
318
183
129
38
0
0
0
0
0
0
0
0
0
0
0
0
0
0
14
43
77
166
252
233
210
170
91
28
0
0
0
0
0
0
0
0
0
0
0
0
0
0
41
157
206
375
303
333
108
137
75
29
0
0
0
0
0
0
0
0
0
0
0
0
0
0
49
215
380
504
577
577
508
385
218
55
0
0
0
0
0
0
0
0
0
0
0
0
0
0
36
178
331
403
319
396
170
124
110
28
0
0
0
0
0
0
0
0
0
0
0
0
0
0
19
74
134
185
257
228
121
98
112
30
0
0
0
0
0
0
0
0
0
0
0
0
0
0
50
209
374
500
566
570
504
383
215
55
0
0
0
0
0
0
0
0
0
0
0
0
0
0
41
183
347
470
534
500
430
329
178
39
0
0
0
0
0
0
0
0
0
0
0
0
0
0
18
82
161
184
230
213
207
185
118
24
0
0
0
0
0
0
0
0
0
0
0
0
0
0
18
69
197
253
205
237
262
154
83
39
0
0
0
0
0
0
0
0
0
0
0
0
0
0
25
48
98
198
131
254
197
195
106
33
0
0
0
0
0
0
0
0
0
0
0
0
0
0
42
184
344
469
535
544
484
366
206
51
0
0
0
0
0
0
0
0
0
0
0
0
0
0
22
45
110
202
194
487
438
345
188
45
0
0
0
0
0
0
0
0
0
0
0
0
0
0
16
55
138
107
229
236
219
144
114
28
0
0
0
0
0
0
0
0
0
0
0
0
0
0
36
172
331
456
521
527
436
266
138
31
0
0
0
0
0
0
0
0
0
0
0
0
0
0
35
158
291
414
479
477
405
222
118
40
0
0
0
0
0
0
0
0
0
0
0
0
0
0
38
142
138
399
486
478
449
326
188
42
0
0
0
0
0
0
0
0
0
0
0
0
0
0
37
131
251
441
475
546
496
349
203
40
0
0
0
0
0
0
0
0
0
0
0
0
0
0
18
74
164
350
321
242
196
217
144
41
0
0
0
0
0
0
0
0
0
0
0
0
0
0
31
147
310
340
474
487
404
257
109
46
0
0
0
0
0
0
0
0
0
0
0
0
0
0
20
116
123
227
332
410
435
350
206
58
0
0
0
0
0
0
0
0
0
0
0
0
0
0
24
81
168
214
237
386
419
354
196
55
0
0
0
0
0
0
0
0
0
0
0
0
0
0
33
79
195
295
372
419
404
377
213
56
0
0
0
0
0
0
0
0
0
0
0
0
0
0
38
175
340
471
544
510
350
367
169
48
0
0
0
0
0
0
0
0
0
0
0
0
0
0
33
169
312
370
389
412
392
327
161
40
0
0
0
0
0
0
0
0
0
0
0
0
0
0
15
52
289
426
524
525
481
371
198
52
1
0
0
0
0
0
0
0
0
0
0
0
0
0
13
53
77
98
132
140
118
98
56
21
1
0
0
0
0
0
0
0
0
0
0
0
0
0
24
91
169
218
275
278
237
194
119
42
2
0
0
0
0
0
0
0
0
0
0
0
0
0
27
93
188
247
266
276
270
208
121
48
2
0
0
0
0
0
0
