0
0
0
0
0
0
0
0
119
301
434
537
584
552
485
225
188
0
0
0
0
0
0
0
0
0
0
0
0
0
0
0
58
269
391
457
292
292
278
129
184
0
0
0
0
0
0
0
0
0
0
0
0
0
0
0
93
315
412
194
243
272
228
163
197
1
0
0
0
0
0
0
0
0
0
0
0
0
0
0
118
301
444
542
583
545
483
342
193
1
0
0
0
0
0
0
0
0
0
0
0
0
0
0
115
296
438
542
552
583
483
332
188
2
0
0
0
0
0
0
0
0
0
0
0
0
0
0
64
314
412
559
546
544
446
339
201
2
0
0
0
0
0
0
0
0
0
0
0
0
0
0
112
245
385
405
594
466
368
363
196
3
0
0
0
0
0
0
0
0
0
0
0
0
0
0
125
310
449
559
600
556
502
362
208
4
0
0
0
0
0
0
0
0
0
0
0
0
0
0
86
250
401
450
412
407
367
251
204
4
0
0
0
0
0
0
0
0
0
0
0
0
0
0
19
125
206
541
606
581
465
58
31
1
0
0
0
0
0
0
0
0
0
0
0
0
0
0
125
310
459
564
605
574
492
374
211
6
0
0
0
0
0
0
0
0
0
0
0
0
0
0
119
296
454
552
605
574
478
348
207
7
0
0
0
0
0
0
0
0
0
0
0
0
0
0
122
310
448
552
581
567
498
363
217
8
0
0
0
0
0
0
0
0
0
0
0
0
0
0
125
315
454
564
623
579
497
346
213
9
0
0
0
0
0
0
0
0
0
0
0
0
0
0
19
79
74
159
387
251
392
123
223
11
0
0
0
0
0
0
0
0
0
0
0
0
0
0
32
79
79
262
441
257
119
163
192
11
0
0
0
0
0
0
0
0
0
0
0
0
0
0
133
320
459
575
634
610
530
383
229
14
0
0
0
0
0
0
0
0
0
0
0
0
0
0
98
246
480
592
640
571
515
365
225
15
0
0
0
0
0
0
0
0
0
0
0
0
0
0
127
302
285
370
616
378
494
218
209
15
0
0
0
0
0
0
0
0
0
0
0
0
0
0
128
316
475
586
634
615
535
403
231
18
0
0
0
0
0
0
0
0
0
0
0
0
0
0
132
321
486
597
627
621
541
409
240
21
0
0
0
0
0
0
0
0
0
0
0
0
0
0
129
326
491
609
651
627
527
416
237
22
0
0
0
0
0
0
0
0
0
0
0
0
0
0
80
261
328
353
344
633
547
399
245
24
0
0
0
0
0
0
0
0
0
0
0
0
0
0
134
327
476
603
645
627
525
405
254
27
0
0
0
0
0
0
0
0
0
0
0
0
0
0
148
337
497
586
645
639
538
396
251
28
0
0
0
0
0
0
0
0
0
0
0
0
0
0
142
342
492
592
645
568
545
427
236
28
0
0
0
0
0
0
0
0
0
0
0
0
0
1
98
202
328
347
572
383
317
79
140
18
0
0
0
0
0
0
0
0
0
0
0
0
0
1
55
122
233
245
434
249
337
228
207
28
0
0
0
0
0
0
0
0
0
0
0
0
0
0
45
127
207
484
644
663
536
439
273
39
0
0
0
0
0
0
0
0
0
0
0
0
0
2
66
56
223
114
361
637
549
406
292
44
0
0
0
0
0
0
0
0
0
0
0
0
0
2
160
349
520
632
674
650
569
459
278
44
0
0
0
0
0
0
0
0
0
0
0
0
0
10
128
346
487
592
623
596
491
344
164
40
0
0
0
0
0
0
0
0
0
0
0
0
0
27
154
342
506
619
665
638
585
394
228
56
0
0
0
0
0
0
0
0
0
0
0
0
0
26
156
348
518
625
673
658
570
426
235
56
0
0
0
0
0
0
0
0
0
0
0
0
0
18
121
317
449
368
245
333
541
354
216
43
0
0
0
0
0
0
0
0
0
0
0
0
0
37
178
370
539
647
702
656
551
406
242
67
0
0
0
0
0
0
0
0
0
0
0
0
0
18
132
236
420
652
589
449
216
245
125
38
0
0
0
0
0
0
0
0
0
0
0
0
0
36
178
382
552
666
715
652
604
367
248
45
0
0
0
0
0
0
0
0
0
0
0
0
0
34
121
242
221
166
183
177
174
215
84
31
1
0
0
0
0
0
0
0
0
0
0
0
0
15
56
118
292
194
342
386
403
259
182
36
0
0
0
0
0
0
0
0
0
0
0
0
0
39
187
392
565
677
726
708
626
469
243
72
4
0
0
0
0
0
0
0
0
0
0
0
0
42
200
402
570
691
744
737
648
497
264
64
2
0
0
0
0
0
0
0
0
0
0
0
0
42
199
386
548
702
760
697
641
435
244
70
6
0
0
0
0
0
0
0
0
0
0
0
0
35
112
179
221
269
385
471
492
420
223
62
6
0
0
0
0
0
0
0
0
0
0
0
0
39
167
263
537
662
675
453
376
274
192
55
8
0
0
0
0
0
0
0
0
0
0
0
0
21
82
162
223
247
341
290
163
129
81
28
1
0
0
0
0
0
0
0
0
0
0
0
0
27
160
267
290
280
350
489
483
493
249
85
4
0
0
0
0
0
0
0
0
0
0
0
0
40
199
383
553
692
744
707
557
391
257
72
4
0
0
0
0
0
0
0
0
0
0
0
0
41
207
408
557
649
691
695
456
274
215
77
8
0
0
0
0
0
0
0
0
0
0
0
0
32
178
433
513
637
688
449
434
330
184
73
3
0
0
0
0
0
0
0
0
0
0
0
0
45
211
418
593
715
769
749
657
455
239
77
5
0
0
0
0
0
0
0
0
0
0
0
0
47
225
429
606
718
775
755
664
510
312
104
9
0
0
0
0
0
0
0
0
0
0
0
0
48
222
431
608
730
784
766
540
511
300
97
8
0
0
0
0
0
0
0
0
0
0
0
0
50
231
419
580
704
733
714
669
515
314
105
10
0
0
0
0
0
0
0
0
0
0
0
0
49
225
434
609
728
778
755
664
509
310
104
8
0
0
0
0
0
0
0
0
0
0
0
0
46
219
429
603
724
773
751
659
503
303
100
9
0
0
0
0
0
0
0
0
0
0
0
0
53
241
450
625
741
792
771
679
526
326
115
13
0
0
0
0
0
0
0
0
0
0
0
0
63
259
468
642
757
812
792
591
531
342
126
16
0
0
0
0
0
0
0
0
0
0
0
0
56
252
466
642
759
807
785
692
535
331
119
14
0
0
0
0
0
0
0
0
0
0
0
0
11
42
489
445
781
157
556
696
566
378
189
0
0
0
0
0
0
0
0
0
0
0
0
0
61
278
480
669
765
813
770
709
572
395
183
0
0
0
0
0
0
0
0
0
0
0
0
0
70
284
481
653
736
795
789
689
557
393
199
0
0
0
0
0
0
0
0
0
0
0
0
0
74
294
502
654
765
819
454
522
337
62
193
0
0
0
0
0
0
0
0
0
0
0
0
0
17
158
246
109
178
187
410
114
132
89
208
0
0
0
0
0
0
0
0
0
0
0
0
0
12
47
81
109
127
133
133
114
95
88
101
0
0
0
0
0
0
0
0
0
0
0
0
0
53
194
121
202
236
452
599
541
554
405
196
0
0
0
0
0
0
0
0
0
0
0
0
0
93
312
526
689
813
862
826
721
539
280
115
0
0
0
0
0
0
0
0
0
0
0
0
0
97
314
532
700
761
844
845
707
560
349
186
0
0
0
0
0
0
0
0
0
0
0
0
0
97
311
523
706
813
874
833
734
588
418
218
1
0
0
0
0
0
0
0
0
0
0
0
0
107
326
529
701
814
832
839
727
580
416
142
1
0
0
0
0
0
0
0
0
0
0
0
0
110
323
535
686
808
869
814
686
449
328
191
1
0
0
0
0
0
0
0
0
0
0
0
0
43
222
505
714
809
839
820
706
572
413
221
2
0
0
0
0
0
0
0
0
0
0
0
0
120
330
547
714
838
899
877
719
586
438
217
2
0
0
0
0
0
0
0
0
0
0
0
0
110
322
553
715
769
736
700
739
513
428
213
3
0
0
0
0
0
0
0
0
0
0
0
0
130
360
559
726
850
875
851
765
621
427
225
4
0
0
0
0
0
0
0
0
0
0
0
0
126
338
549
727
839
905
883
752
584
434
221
4
0
0
0
0
0
0
0
0
0
0
0
0
135
362
555
749
839
881
870
778
634
416
233
5
0
0
0
0
0
0
0
0
0
0
0
0
143
377
572
750
851
900
851
751
619
448
229
6
0
0
0
0
0
0
0
0
0
0
0
0
139
132
356
293
463
447
340
259
539
413
240
7
0
0
0
0
0
0
0
0
0
0
0
0
111
238
305
447
666
815
693
737
604
454
236
8
0
0
0
0
0
0
0
0
0
0
0
0
149
372
574
763
858
622
838
803
646
445
233
9
0
0
0
0
0
0
0
0
0
0
0
1
165
360
544
736
818
864
851
750
653
444
172
7
0
0
0
0
0
0
0
0
0
0
0
2
164
241
436
775
864
344
864
816
667
392
240
11
0
0
0
0
0
0
0
0
0
0
0
3
176
362
400
737
847
919
876
809
630
458
251
13
0
0
0
0
0
0
0
0
0
0
0
4
181
414
619
782
888
913
895
796
622
440
248
14
0
0
0
0
0
0
0
0
0
0
0
5
152
346
636
738
848
345
605
172
222
232
109
6
0
0
0
0
0
0
0
0
0
0
0
6
36
117
193
150
331
417
479
212
643
463
269
17
0
0
0
0
0
0
0
0
0
0
0
8
184
409
611
783
895
913
926
822
650
470
265
18
0
0
0
0
0
0
0
0
0
0
0
9
95
316
549
767
913
914
908
550
635
82
210
15
0
0
0
0
0
0
0
0
0
0
0
13
195
402
607
551
233
841
145
132
299
345
194
15
0
0
0
0
0
0
0
0
0
0
0
31
190
424
619
778
902
958
938
801
531
422
160
24
0
0
0
0
0
0
0
0
0
0
0
20
33
89
197
193
109
409
274
226
363
194
48
21
0
0
0
0
0
0
0
0
0
0
0
41
211
445
646
819
923
946
934
815
698
343
224
41
0
0
0
0
0
0
0
0
0
0
0
33
215
451
653
820
931
953
937
825
664
450
214
43
0
0
0
0
0
0
0
0
0
0
0
38
225
459
661
832
935
963
945
838
664
457
220
45
0
0
0
0
0
0
0
0
0
0
0
40
213
461
683
778
966
971
969
861
692
467
210
53
0
0
0
0
0
0
0
0
0
0
0
43
231
470
675
845
947
981
961
840
692
471
226
50
0
0
0
0
0
0
0
0
0
0
0
44
231
471
680
849
947
977
948
845
694
470
228
47
0
0
0
0
0
0
0
0
0
0
0
57
243
490
697
856
971
1002
971
866
685
487
242
62
0
0
0
0
0
0
0
0
0
0
0
55
253
505
713
862
986
1012
977
875
712
472
236
59
0
0
0
0
0
0
0
0
0
0
0
47
233
473
675
838
950
975
938
848
675
455
223
50
0
0
0
0
0
0
0
0
0
0
0
48
234
472
658
812
913
986
958
855
691
442
251
42
0
0
0
0
0
0
0
0
0
0
0
53
240
484
690
857
967
992
950
858
675
462
233
39
0
0
0
0
0
0
0
0
0
0
0
45
240
422
529
700
660
604
566
644
468
399
201
54
0
0
0
0
0
0
0
0
0
0
0
60
249
488
688
857
952
990
947
826
633
475
247
51
0
0
0
0
0
0
0
0
0
0
0
62
251
490
695
863
960
994
957
856
699
475
242
53
0
0
0
0
0
0
0
0
0
0
0
54
260
502
706
839
962
996
958
862
703
485
254
47
0
0
0
0
0
0
0
0
0
0
1
74
272
512
713
877
998
789
937
792
692
442
197
51
0
0
0
0
0
0
0
0
0
0
0
58
275
512
711
866
967
997
947
612
515
462
199
58
0
0
0
0
0
0
0
0
0
0
1
76
268
508
710
873
977
1024
985
888
725
495
263
55
0
0
0
0
0
0
0
0
0
0
6
85
293
544
749
913
1016
1054
1017
899
732
502
264
50
0
0
0
0
0
0
0
0
0
0
2
67
219
414
611
820
779
837
869
748
554
240
113
33
0
0
0
0
0
0
0
0
0
0
0
65
186
319
607
883
914
883
543
479
346
226
98
38
0
0
0
0
0
0
0
0
0
0
0
83
157
498
715
871
767
501
857
647
472
369
258
50
0
0
0
0
0
0
0
0
0
0
2
73
272
500
708
856
947
949
934
835
695
478
250
48
0
0
0
0
0
0
0
0
0
0
5
88
279
508
712
860
964
990
954
840
695
471
244
65
1
0
0
0
0
0
0
0
0
0
6
80
244
509
590
808
892
812
707
702
535
349
126
29
0
0
0
0
0
0
0
0
0
0
6
91
302
541
734
915
1002
1020
993
884
727
505
276
66
2
0
0
0
0
0
0
0
0
0
6
102
305
545
744
904
1000
1027
991
882
724
461
273
58
3
0
0
0
0
0
0
0
0
0
8
107
314
557
713
862
931
1025
947
900
728
371
183
52
0
0
0
0
0
0
0
0
0
0
9
103
323
556
758
909
1005
1038
998
890
724
514
281
73
2
0
0
0
0
0
0
0
0
0
14
121
344
574
774
928
1021
1048
1012
863
700
499
228
60
2
0
0
0
0
0
0
0
0
0
9
102
301
508
725
873
766
850
700
817
546
128
113
32
1
0
0
0
0
0
0
0
0
0
6
38
123
357
607
709
768
1003
954
574
166
120
73
26
1
0
0
0
0
0
0
0
0
0
13
68
312
502
724
875
939
962
1043
776
628
531
303
72
7
0
0
0
0
0
0
0
0
0
11
93
274
516
713
713
626
487
495
544
555
476
298
93
7
0
0
0
0
0
0
0
0
0
18
123
360
492
582
310
458
390
457
428
504
219
240
52
4
0
0
0
0
0
0
0
0
0
8
62
178
330
694
755
926
963
868
838
684
490
264
72
5
0
0
0
0
0
0
0
0
0
15
123
338
563
762
913
942
979
953
891
699
523
294
90
6
0
0
0
0
0
0
0
0
0
19
133
351
575
769
947
1050
1083
1040
945
746
545
314
98
9
0
0
0
0
0
0
0
0
0
13
116
329
555
753
906
1002
1025
990
890
728
522
283
85
4
0
0
0
0
0
0
0
0
0
17
127
340
571
765
917
1007
1031
996
888
731
530
307
93
7
0
0
0
0
0
0
0
0
0
23
152
377
603
803
960
1052
1066
1031
930
769
571
336
112
13
0
0
0
0
0
0
0
0
0
20
142
363
588
788
940
1032
1064
1025
920
756
553
323
106
10
0
0
0
0
0
0
0
0
0
19
136
357
584
785
932
1027
1052
1014
911
750
540
316
101
9
0
0
0
0
0
0
0
0
0
16
126
340
567
763
916
1007
1036
1000
896
731
524
297
92
8
0
0
0
0
0
0
0
0
0
16
118
325
550
748
901
998
1022
984
878
719
513
284
81
1
0
0
0
0
0
0
0
0
0
24
141
280
444
672
812
697
919
943
719
712
452
320
70
2
0
0
0
0
0
0
0
0
0
13
88
165
231
318
381
423
546
704
474
757
397
271
76
7
0
0
0
0
0
0
0
0
0
17
87
288
474
631
649
964
971
972
806
728
443
260
82
7
0
0
0
0
0
0
0
0
0
26
158
375
591
788
932
1027
1056
1021
822
738
531
324
125
17
0
0
0
0
0
0
0
0
0
23
149
368
594
781
936
1035
1062
1026
919
763
560
331
116
14
0
0
0
0
0
0
0
0
0
26
160
380
604
806
891
996
1082
1026
754
682
480
305
71
12
0
0
0
0
0
0
0
0
0
23
135
354
578
771
924
1016
1052
1010
917
756
550
319
110
14
0
0
0
0
0
0
0
0
0
24
166
388
610
804
952
1041
1068
1028
928
778
580
351
132
15
0
0
0
0
0
0
0
0
0
25
144
362
584
779
928
1018
1046
1007
905
748
548
322
112
14
0
0
0
0
0
0
0
0
0
23
142
356
578
775
924
1018
1047
1008
908
753
549
322
112
16
0
0
0
0
0
0
0
0
0
24
165
386
607
801
951
1041
1068
1034
929
776
579
353
134
17
0
0
0
0
0
0
0
0
0
25
147
363
585
778
930
1021
1018
963
910
752
434
283
115
15
0
0
0
0
0
0
0
0
0
25
139
353
573
767
916
1005
1038
1002
903
742
542
318
112
17
0
0
0
0
0
0
0
0
0
26
152
369
589
781
930
1024
1054
1017
922
761
561
336
125
18
0
0
0
0
0
0
0
0
0
30
167
382
559
744
921
1014
1032
1003
720
671
393
270
118
21
0
0
0
0
0
0
0
0
0
26
155
351
571
722
799
925
840
943
816
665
383
231
123
13
0
0
0
0
0
0
0
0
0
22
151
363
578
744
806
990
1002
928
858
689
504
282
64
13
0
0
0
0
0
0
0
0
0
22
142
363
567
724
929
972
1046
1004
910
760
566
348
136
19
0
0
0
0
0
0
0
0
0
20
136
351
564
769
895
1010
1034
996
901
747
552
332
125
17
0
0
0
0
0
0
0
0
0
22
138
348
566
760
911
1005
1032
993
891
737
540
320
117
17
0
0
0
0
0
0
0
0
0
22
140
350
573
767
921
1017
1049
1011
912
754
550
328
120
17
0
0
0
0
0
0
0
0
0
29
165
383
606
798
953
1040
1066
1029
931
782
582
361
145
23
0
0
0
0
0
0
0
0
0
30
168
384
601
790
938
1031
1056
1030
931
781
587
368
151
24
0
0
0
0
0
0
0
0
0
34
178
397
616
807
954
1048
1081
1041
948
797
598
380
159
28
0
0
0
0
0
0
0
0
0
34
177
395
615
804
950
1042
1072
1041
945
792
600
379
160
29
0
0
0
0
0
0
0
0
0
28
162
379
601
793
939
1034
1064
1037
935
780
586
365
147
24
0
0
0
0
0
0
0
0
0
30
169
385
602
790
943
1033
1064
1034
938
784
592
371
155
27
0
0
0
0
0
0
0
0
0
25
152
364
586
778
926
1016
1051
1015
922
766
571
349
138
21
0
0
0
0
0
0
0
0
0
29
164
378
591
781
928
1017
1046
1019
924
777
586
368
153
26
0
0
0
0
0
0
0
0
0
29
164
380
599
789
944
1033
1067
1030
925
777
561
331
94
21
0
0
0
0
0
0
0
0
0
22
140
268
500
761
909
1003
1035
997
876
748
548
315
139
18
0
0
0
0
0
0
0
0
0
23
170
386
596
784
939
1031
1062
1031
938
790
599
383
166
31
0
0
0
0
0
0
0
0
0
25
153
368
588
784
930
1029
1059
1030
936
781
581
360
147
25
0
0
0
0
0
0
0
0
0
31
171
387
604
793
945
1035
1075
1039
949
708
558
363
159
28
0
0
0
0
0
0
0
0
0
24
142
285
495
749
881
965
924
993
881
761
582
343
146
25
0
0
0
0
0
0
0
0
0
22
143
374
529
750
830
884
1149
894
859
618
520
339
147
26
0
0
0
0
0
0
0
0
0
26
143
344
522
766
936
895
693
1001
872
621
569
321
137
13
0
0
0
0
0
0
0
0
0
29
139
338
584
758
877
982
997
953
809
568
376
359
156
22
0
0
0
0
0
0
0
0
0
28
157
371
581
765
908
1007
1033
903
876
776
561
341
59
22
0
0
0
0
0
0
0
0
0
21
130
333
553
744
898
992
1032
984
874
722
559
342
130
18
0
0
0
0
0
0
0
0
0
23
137
347
585
727
920
989
1040
1010
901
774
576
362
147
28
0
0
0
0
0
0
0
0
0
19
116
232
322
631
524
673
609
882
882
665
450
223
97
23
0
0
0
0
0
0
0
0
0
9
110
189
355
446
747
755
763
719
689
288
365
172
46
12
0
0
0
0
0
0
0
0
0
16
80
209
469
794
880
959
970
960
852
740
525
317
152
26
0
0
0
0
0
0
0
0
0
5
63
125
251
362
401
1106
1066
873
763
778
364
150
54
12
0
0
0
0
0
0
0
0
0
22
158
356
558
750
906
1003
1055
1027
935
793
554
352
96
9
0
0
0
0
0
0
0
0
0
16
137
328
516
500
938
1017
1064
1011
942
795
559
358
119
16
0
0
0
0
0
0
0
0
0
16
137
342
544
755
914
1018
1066
1032
937
795
554
352
129
22
0
0
0
0
0
0
0
0
0
7
100
350
553
752
911
998
1063
1021
924
790
562
354
117
16
0
0
0
0
0
0
0
0
0
18
127
322
492
736
902
1001
976
854
876
772
542
345
119
14
0
0
0
0
0
0
0
0
0
13
115
324
494
660
924
919
749
1036
916
770
554
348
123
15
0
0
0
0
0
0
0
0
0
19
143
330
507
733
663
960
1017
995
916
770
550
345
180
17
0
0
0
0
0
0
0
0
0
6
134
339
572
574
667
992
1035
1008
921
750
466
156
47
5
0
0
0
0
0
0
0
0
0
14
128
322
534
723
885
984
1042
1007
922
650
343
56
23
6
0
0
0
0
0
0
0
0
0
14
129
314
521
720
864
976
1034
1000
917
768
544
343
131
12
0
0
0
0
0
0
0
0
0
12
126
323
528
736
904
998
1059
1045
952
810
593
351
131
10
0
0
0
0
0
0
0
0
0
12
116
322
537
746
900
1034
769
584
581
524
412
255
87
7
0
0
0
0
0
0
0
0
0
8
129
332
538
743
897
1002
1050
1009
920
771
563
338
137
10
0
0
0
0
0
0
0
0
0
10
128
325
532
769
884
991
1040
986
907
769
564
327
139
10
0
0
0
0
0
0
0
0
0
10
120
320
529
727
893
1005
1057
1022
933
786
575
374
142
14
0
0
0
0
0
0
0
0
0
8
62
137
375
781
912
820
688
787
621
662
553
293
43
14
0
0
0
0
0
0
0
0
0
5
47
132
248
362
658
773
514
801
787
781
561
304
122
16
0
0
0
0
0
0
0
0
0
21
130
302
503
705
784
898
964
899
706
758
555
307
141
11
0
0
0
0
0
0
0
0
0
6
57
186
209
646
708
816
958
975
861
750
474
106
35
8
0
0
0
0
0
0
0
0
0
11
75
294
506
674
775
947
932
928
776
716
555
279
146
24
0
0
0
0
0
0
0
0
0
7
119
308
516
719
880
991
1047
1004
911
767
575
307
82
7
0
0
0
0
0
0
0
0
0
7
105
295
504
710
864
965
1020
996
908
766
588
291
128
3
0
0
0
0
0
0
0
0
0
10
100
290
509
726
890
1001
1044
1004
900
759
588
324
136
12
0
0
0
0
0
0
0
0
0
6
64
267
392
689
848
961
1014
980
888
746
492
124
28
2
0
0
0
0
0
0
0
0
0
6
49
163
367
699
844
983
1029
996
896
719
583
272
128
5
0
0
0
0
0
0
0
0
0
4
51
105
239
730
868
982
1024
989
890
768
470
202
77
5
0
0
0
0
0
0
0
0
0
6
93
290
555
488
854
981
936
778
808
633
345
253
62
2
0
0
0
0
0
0
0
0
0
5
76
247
335
445
845
994
993
969
883
741
571
194
25
2
0
0
0
0
0
0
0
0
0
4
57
105
177
211
362
482
782
853
889
757
400
196
90
6
0
0
0
0
0
0
0
0
0
3
49
208
347
620
765
558
748
773
405
200
158
111
60
3
0
0
0
0
0
0
0
0
0
0
61
267
477
673
844
950
987
953
855
727
526
351
124
0
0
0
0
0
0
0
0
0
0
0
80
278
435
513
539
912
991
888
613
510
528
307
91
0
0
0
0
0
0
0
0
0
0
0
18
71
184
700
726
893
952
833
871
779
527
296
100
2
0
0
0
0
0
0
0
0
0
0
59
272
485
685
847
953
986
958
852
726
520
305
98
1
0
0
0
0
0
0
0
0
0
0
80
249
528
687
859
949
985
945
851
730
521
307
101
1
0
0
0
0
0
0
0
0
0
0
82
274
486
684
851
951
985
941
862
726
527
308
98
0
0
0
0
0
0
0
0
0
0
0
81
280
493
688
863
957
993
946
872
744
520
304
92
0
0
0
0
0
0
0
0
0
0
0
75
289
498
602
652
954
967
954
859
729
523
268
19
0
0
0
0
0
0
0
0
0
0
0
26
101
231
413
628
660
855
844
779
712
546
298
74
2
0
0
0
0
0
0
0
0
0
0
32
116
381
584
788
890
975
945
849
709
492
320
50
0
0
0
0
0
0
0
0
0
0
2
96
261
466
690
815
882
1051
869
571
496
501
269
72
0
0
0
0
0
0
0
0
0
0
0
61
273
490
695
861
966
900
967
852
713
503
283
85
0
0
0
0
0
0
0
0
0
0
0
52
144
401
683
817
926
967
912
857
706
497
287
81
0
0
0
0
0
0
0
0
0
0
0
13
24
67
290
405
751
796
963
564
536
543
280
78
3
0
0
0
0
0
0
0
0
0
0
70
262
487
697
764
947
841
959
900
693
503
276
71
0
0
0
0
0
0
0
0
0
0
2
75
275
501
715
882
978
1019
991
882
700
512
282
70
0
0
0
0
0
0
0
0
0
0
0
81
285
521
732
899
995
1024
988
886
670
509
286
70
0
0
0
0
0
0
0
0
0
0
0
66
276
501
711
850
977
1022
988
786
523
251
220
75
0
0
0
0
0
0
0
0
0
0
0
72
269
497
693
870
960
985
963
863
695
482
233
66
0
0
0
0
0
0
0
0
0
0
0
65
263
492
703
866
956
989
962
859
691
473
272
62
0
0
0
0
0
0
0
0
0
0
0
66
261
488
694
858
955
995
964
857
682
448
260
54
0
0
0
0
0
0
0
0
0
0
0
52
211
470
520
652
592
970
815
701
565
429
133
18
0
0
0
0
0
0
0
0
0
0
0
61
251
293
419
440
476
342
374
356
299
258
73
43
0
0
0
0
0
0
0
0
0
0
0
30
162
388
578
693
888
947
687
346
506
364
142
31
0
0
0
0
0
0
0
0
0
0
0
44
210
430
632
799
898
962
926
825
659
415
248
47
0
0
0
0
0
0
0
0
0
0
0
53
241
461
670
821
916
955
944
632
711
314
112
28
0
0
0
0
0
0
0
0
0
0
0
51
235
455
667
862
999
1065
1009
949
776
466
301
88
0
0
0
0
0
0
0
0
0
0
0
47
272
488
690
853
890
935
985
898
726
449
247
65
0
0
0
0
0
0
0
0
0
0
0
47
202
454
663
824
919
956
920
829
653
463
230
37
0
0
0
0
0
0
0
0
0
0
0
49
232
454
656
820
918
961
929
833
660
449
226
35
0
0
0
0
0
0
0
0
0
0
0
49
243
469
664
849
964
1005
963
862
681
470
238
37
0
0
0
0
0
0
0
0
0
0
0
42
213
438
625
745
884
942
867
813
647
437
213
44
0
0
0
0
0
0
0
0
0
0
0
44
216
450
655
829
958
989
966
841
640
425
204
44
0
0
0
0
0
0
0
0
0
0
0
56
134
231
625
778
717
944
630
526
395
203
158
52
0
0
0
0
0
0
0
0
0
0
0
32
129
301
522
587
603
821
894
750
604
379
177
33
0
0
0
0
0
0
0
0
0
0
0
45
203
466
649
785
896
945
921
813
652
451
213
49
0
0
0
0
0
0
0
0
0
0
0
41
212
415
604
802
876
845
881
751
600
421
192
38
0
0
0
0
0
0
0
0
0
0
0
46
227
453
658
826
929
961
920
810
644
433
204
41
0
0
0
0
0
0
0
0
0
0
0
53
241
472
673
835
935
967
925
816
651
440
211
43
0
0
0
0
0
0
0
0
0
0
0
52
240
427
618
834
935
932
833
759
607
407
192
42
0
0
0
0
0
0
0
0
0
0
0
44
225
454
665
780
848
858
774
702
586
349
163
19
0
0
0
0
0
0
0
0
0
0
0
45
204
454
663
828
923
954
915
803
633
423
193
35
0
0
0
0
0
0
0
0
0
0
0
51
239
477
691
780
844
859
903
800
630
340
190
18
0
0
0
0
0
0
0
0
0
0
0
30
122
370
580
769
862
890
865
764
590
382
158
27
0
0
0
0
0
0
0
0
0
0
0
46
221
448
653
811
905
934
896
787
617
403
176
30
0
0
0
0
0
0
0
0
0
0
0
46
223
451
654
810
906
933
889
777
611
401
174
31
0
0
0
0
0
0
0
0
0
0
0
37
196
406
611
698
751
743
602
590
544
155
96
29
0
0
0
0
0
0
0
0
0
0
0
44
194
282
589
678
763
856
562
584
536
394
150
19
0
0
0
0
0
0
0
0
0
0
0
42
204
429
628
787
880
905
866
760
590
335
155
24
0
0
0
0
0
0
0
0
0
0
0
45
217
440
641
795
888
921
877
767
598
386
160
27
0
0
0
0
0
0
0
0
0
0
0
40
201
427
628
785
878
910
865
753
586
356
129
20
0
0
0
0
0
0
0
0
0
0
0
28
162
376
529
632
780
894
792
655
483
188
111
12
0
0
0
0
0
0
0
0
0
0
0
40
184
374
570
659
562
820
744
656
292
125
44
8
0
0
0
0
0
0
0
0
0
0
0
25
145
296
217
356
755
719
774
683
497
323
96
10
0
0
0
0
0
0
0
0
0
0
0
33
152
412
449
734
752
822
735
652
502
296
110
11
0
0
0
0
0
0
0
0
0
0
0
31
175
403
611
758
852
878
828
684
502
344
128
17
0
0
0
0
0
0
0
0
0
0
0
31
174
390
589
746
836
862
768
670
494
315
105
10
0
0
0
0
0
0
0
0
0
0
0
35
187
407
607
760
849
870
823
712
539
303
102
10
0
0
0
0
0
0
0
0
0
0
0
31
160
350
533
707
851
815
830
696
542
317
96
10
0
0
0
0
0
0
0
0
0
0
0
37
191
409
607
758
850
867
823
711
541
329
111
9
0
0
0
0
0
0
0
0
0
0
0
37
189
409
604
753
842
864
816
703
532
306
109
12
0
0
0
0
0
0
0
0
0
0
0
27
180
394
597
752
844
874
829
691
542
300
56
0
0
0
0
0
0
0
0
0
0
0
0
28
184
404
607
637
782
784
827
701
598
344
71
1
0
0
0
0
0
0
0
0
0
0
0
8
156
440
381
352
526
415
446
204
66
30
6
0
0
0
0
0
0
0
0
0
0
0
0
11
61
92
266
345
314
134
162
130
104
89
58
0
0
0
0
0
0
0
0
0
0
0
0
4
65
206
539
630
517
928
755
550
482
152
22
0
0
0
0
0
0
0
0
0
0
0
0
21
161
358
562
650
792
815
767
642
485
260
44
0
0
0
0
0
0
0
0
0
0
0
0
19
152
346
539
683
786
824
803
651
488
268
46
0
0
0
0
0
0
0
0
0
0
0
0
19
166
359
546
710
808
814
797
670
484
266
44
0
0
0
0
0
0
0
0
0
0
0
0
19
161
365
567
717
811
814
795
674
478
259
44
0
0
0
0
0
0
0
0
0
0
0
0
17
158
363
558
714
803
817
781
664
471
255
40
0
0
0
0
0
0
0
0
0
0
0
0
23
150
284
524
712
808
841
733
516
357
184
30
0
0
0
0
0
0
0
0
0
0
0
0
20
138
320
540
651
695
799
644
633
411
208
34
0
0
0
0
0
0
0
0
0
0
0
0
20
138
336
513
672
747
786
731
527
416
233
53
0
0
0
0
0
0
0
0
0
0
0
0
14
150
354
546
700
790
812
766
643
454
240
35
0
0
0
0
0
0
0
0
0
0
0
0
13
143
343
402
667
766
793
748
623
435
223
31
0
0
0
0
0
0
0
0
0
0
0
0
12
133
334
524
676
754
766
710
593
410
202
29
0
0
0
0
0
0
0
0
0
0
0
0
13
139
327
510
668
751
776
733
608
428
206
25
0
0
0
0
0
0
0
0
0
0
0
0
12
139
347
535
685
720
784
760
634
446
226
28
0
0
0
0
0
0
0
0
0
0
0
0
10
129
334
512
682
778
725
662
507
401
150
21
0
0
0
0
0
0
0
0
0
0
0
0
3
55
94
284
561
412
536
705
522
389
190
21
0
0
0
0
0
0
0
0
0
0
0
0
11
143
159
259
538
493
475
314
164
113
23
24
0
0
0
0
0
0
0
0
0
0
0
0
9
115
312
511
631
702
747
698
581
397
190
20
0
0
0
0
0
0
0
0
0
0
0
0
8
137
309
493
636
728
743
688
560
380
181
18
0
0
0
0
0
0
0
0
0
0
0
0
8
136
323
506
643
729
746
694
579
384
158
13
0
0
0
0
0
0
0
0
0
0
0
0
8
121
244
426
472
605
388
273
414
276
133
14
0
0
0
0
0
0
0
0
0
0
0
0
6
122
302
492
633
724
743
706
576
383
177
15
0
0
0
0
0
0
0
0
0
0
0
0
6
125
317
501
642
730
750
687
565
395
181
14
0
0
0
0
0
0
0
0
0
0
0
0
5
125
307
497
647
737
756
707
579
389
176
13
0
0
0
0
0
0
0
0
0
0
0
0
5
121
302
461
645
733
706
712
582
389
170
12
0
0
0
0
0
0
0
0
0
0
0
0
6
129
300
482
622
722
712
694
544
377
102
7
0
0
0
0
0
0
0
0
0
0
0
0
2
76
205
345
575
680
751
596
417
289
161
8
0
0
0
0
0
0
0
0
0
0
0
0
8
82
177
472
602
667
714
668
549
381
176
37
0
0
0
0
0
0
0
0
0
0
0
0
8
84
233
475
475
613
577
555
513
321
105
34
0
0
0
0
0
0
0
0
0
0
0
0
2
64
221
255
419
274
394
524
317
157
101
16
0
0
0
0
0
0
0
0
0
0
0
0
2
70
248
428
570
659
670
567
476
313
122
21
0
0
0
0
0
0
0
0
0
0
0
0
7
88
288
471
606
689
703
651
533
362
162
30
0
0
0
0
0
0
0
0
0
0
0
0
2
73
260
444
588
668
683
630
486
329
103
13
0
0
0
0
0
0
0
0
0
0
0
0
7
84
282
473
614
695
712
673
495
341
139
30
0
0
0
0
0
0
0
0
0
0
0
0
3
75
266
452
598
680
700
646
522
349
149
26
0
0
0
0
0
0
0
0
0
0
0
0
3
70
260
450
593
675
687
632
514
340
143
21
0
0
0
0
0
0
0
0
0
0
0
0
2
62
251
323
522
642
686
612
508
344
146
24
0
0
0
0
0
0
0
0
0
0
0
0
0
62
222
379
512
470
585
493
381
269
108
25
0
0
0
0
0
0
0
0
0
0
0
0
0
55
225
414
561
607
630
573
474
304
118
17
0
0
0
0
0
0
0
0
0
0
0
0
0
61
234
405
541
605
618
560
453
282
126
20
0
0
0
0
0
0
0
0
0
0
0
0
0
55
233
413
557
638
612
524
469
194
105
16
0
0
0
0
0
0
0
0
0
0
0
0
0
45
209
377
546
596
544
530
446
294
67
5
0
0
0
0
0
0
0
0
0
0
0
0
0
52
207
306
348
448
502
490
354
257
69
13
0
0
0
0
0
0
0
0
0
0
0
0
0
41
219
334
359
265
224
192
207
128
68
11
0
0
0
0
0
0
0
0
0
0
0
0
0
29
77
219
206
197
446
461
315
185
75
14
0
0
0
0
0
0
0
0
0
0
0
0
0
41
189
363
440
556
534
529
433
283
104
12
0
0
0
0
0
0
0
0
0
0
0
0
0
44
196
372
511
595
614
562
447
284
105
11
0
0
0
0
0
0
0
0
0
0
0
0
0
50
214
391
529
610
628
577
466
302
118
18
0
0
0
0
0
0
0
0
0
0
0
0
0
50
210
368
522
606
624
581
469
304
118
17
0
0
0
0
0
0
0
0
0
0
0
0
0
49
213
395
535
622
639
588
476
309
119
17
0
0
0
0
0
0
0
0
0
0
0
0
0
51
213
394
541
621
635
585
473
310
120
18
0
0
0
0
0
0
0
0
0
0
0
0
0
39
188
365
507
595
613
560
447
285
103
10
0
0
0
0
0
0
0
0
0
0
0
0
0
48
205
385
526
608
623
573
464
300
116
16
0
0
0
0
0
0
0
0
0
0
0
0
0
44
195
381
528
619
640
587
466
294
111
16
0
0
0
0
0
0
0
0
0
0
0
0
0
43
192
378
525
613
573
430
433
234
89
13
0
0
0
0
0
0
0
0
0
0
0
0
0
44
169
382
459
509
526
574
440
266
102
17
0
0
0
0
0
0
0
0
0
0
0
0
0
43
194
374
511
597
619
572
463
301
115
17
0
0
0
0
0
0
0
0
0
0
0
0
0
16
178
351
472
564
580
542
454
323
154
0
0
0
0
0
0
0
0
0
0
0
0
0
0
7
166
360
487
569
586
542
447
314
155
0
0
0
0
0
0
0
0
0
0
0
0
0
0
13
172
354
487
586
592
568
447
295
155
0
0
0
0
0
0
0
0
0
0
0
0
0
0
6
48
53
81
122
92
99
73
65
93
0
0
0
0
0
0
0
0
0
0
0
0
0
0
10
174
357
475
562
592
535
447
314
155
0
0
0
0
0
0
0
0
0
0
0
0
0
0
9
169
347
486
574
591
534
446
314
155
0
0
0
0
0
0
0
0
0
0
0
0
0
0
8
157
322
485
579
603
554
461
295
154
0
0
0
0
0
0
0
0
0
0
0
0
0
0
6
153
331
463
556
554
481
410
295
184
0
0
0
0
0
0
0
0
0
0
0
0
0
0
7
155
326
447
555
554
527
439
322
152
0
0
0
0
0
0
0
0
0
0
0
0
0
0
1
68
53
457
503
529
520
424
276
150
0
0
0
0
0
0
0
0
0
0
0
0
0
0
4
36
81
102
116
123
125
102
156
148
0
0
0
0
0
0
0
0
0
0
0
0
0
0
1
67
148
279
554
547
533
445
275
88
0
0
0
0
0
0
0
0
0
0
0
0
0
0
3
141
338
461
554
596
559
445
284
144
0
0
0
0
0
0
0
0
0
0
0
0
0
0
3
147
328
461
548
442
500
262
320
170
0
0
0
0
0
0
0
0
0
0
0
0
0
0
2
143
299
444
450
583
408
306
319
167
0
0
0
0
0
0
0
0
0
0
0
0
0
0
2
142
312
465
536
583
519
437
318
164
0
0
0
0
0
0
0
0
0
0
0
0
0
0
1
144
302
427
518
546
506
465
236
107
0
0
0
0
0
0
0
0
0
0
0
0
0
0
1
144
311
438
564
582
545
457
299
158
0
0
0
0
0
0
0
0
0
0
0
0
0
0
1
139
315
459
552
582
538
457
325
129
0
0
0
0
0
0
0
0
0
0
0
0
0
0
0
105
287
389
483
539
531
362
252
176
0
0
0
0
0
0
0
0
0
0
0
0
0
0
0
131
300
447
523
575
524
413
296
172
0
0
0
0
0
0
0
0
0
0
0
0
0
0
0
130
319
442
534
556
556
463
322
168
0
0
0
0
0
0
0
0
0
0
0
0
0
0
0
73
239
271
195
324
334
217
294
141
0
0
0
0
0
0
0
0
0
0
0
0
0
0
0
126
309
452
545
562
549
454
320
183
0
0
0
0
0
0
0
0
0
0
0
0
0
0
0
125
303
446
545
592
549
454
328
179
0
0
0
0
0
0
0
0
0
0
0
0
0
0
0
115
294
451
550
580
535
460
336
174
0
0
0
0
0
0
0
0
0
0
0
0
0
0
0
128
293
446
544
567
554
237
317
170
0
0
0
0
0
0
0
0
0
0
0
0
0
0
0
36
200
286
447
171
554
402
175
187
0
0
0
0
0
0
0
0
0
0
0
0
0
0
0
123
163
90
86
104
143
158
166
101
0
0
0
0
0
0
0
0
0
0
0
0
0
0
0
113
288
455
561
572
573
465
331
138
0
0
0
0
0
0
0
0
0
0
0
0
0
0
0
84
148
386
137
134
533
479
260
154
0
0
0
0
0
0
0
