0
0
0
0
0
0
0
28
135
261
460
554
605
541
502
257
145
36
0
0
0
0
0
0
0
0
0
0
0
0
0
26
150
341
502
611
650
626
535
385
197
45
0
0
0
0
0
0
0
0
0
0
0
0
0
22
125
319
503
557
642
582
529
380
197
46
0
0
0
0
0
0
0
0
0
0
0
0
0
25
146
300
450
562
640
441
379
342
130
42
0
0
0
0
0
0
0
0
0
0
0
0
0
13
72
145
208
258
265
262
233
184
111
30
0
0
0
0
0
0
0
0
0
0
0
0
0
9
44
94
138
311
298
302
148
181
106
26
0
0
0
0
0
0
0
0
0
0
0
0
0
10
73
237
243
500
598
569
428
356
185
42
0
0
0
0
0
0
0
0
0
0
0
0
0
23
97
280
284
268
327
227
237
164
82
32
0
0
0
0
0
0
0
0
0
0
0
0
0
15
80
179
218
296
226
497
341
206
145
42
0
0
0
0
0
0
0
0
0
0
0
0
0
14
79
147
231
305
351
311
246
193
124
42
0
0
0
0
0
0
0
0
0
0
0
0
0
17
67
117
211
262
263
266
274
212
105
46
0
0
0
0
0
0
0
0
0
0
0
0
0
6
52
182
277
453
572
536
373
355
157
41
0
0
0
0
0
0
0
0
0
0
0
0
0
16
73
112
194
299
291
263
153
109
63
20
0
0
0
0
0
0
0
0
0
0
0
0
0
25
146
346
511
625
675
662
572
423
233
58
0
0
0
0
0
0
0
0
0
0
0
0
0
25
150
348
525
589
623
567
520
399
190
38
0
0
0
0
0
0
0
0
0
0
0
0
0
20
115
288
243
468
383
233
252
175
93
39
0
0
0
0
0
0
0
0
0
0
0
0
0
12
66
189
241
306
310
337
296
231
120
36
0
0
0
0
0
0
0
0
0
0
0
0
0
17
89
172
150
186
200
182
271
226
124
42
0
0
0
0
0
0
0
0
0
0
0
0
0
11
57
106
156
175
215
192
168
125
74
24
0
0
0
0
0
0
0
0
0
0
0
0
0
29
158
356
525
639
691
673
593
447
256
66
0
0
0
0
0
0
0
0
0
0
0
0
0
25
97
221
425
454
662
620
561
421
241
67
0
0
0
0
0
0
0
0
0
0
0
0
0
26
146
313
487
620
652
631
563
449
252
68
0
0
0
0
0
0
0
0
0
0
0
0
0
26
152
351
522
640
698
683
595
447
255
65
0
0
0
0
0
0
0
0
0
0
0
0
0
31
166
369
543
661
715
697
611
464
272
75
0
0
0
0
0
0
0
0
0
0
0
0
0
23
104
167
380
352
609
580
448
370
203
32
0
0
0
0
0
0
0
0
0
0
0
0
0
21
78
149
234
267
346
275
365
166
166
31
1
0
0
0
0
0
0
0
0
0
0
0
0
21
104
280
390
589
685
690
590
443
239
69
3
0
0
0
0
0
0
0
0
0
0
0
0
28
158
357
530
618
704
636
569
444
200
54
3
0
0
0
0
0
0
0
0
0
0
0
0
21
91
193
508
488
634
661
411
369
203
65
2
0
0
0
0
0
0
0
0
0
0
0
0
20
129
342
504
564
601
643
482
235
167
56
1
0
0
0
0
0
0
0
0
0
0
0
0
12
62
131
257
325
314
188
152
223
128
43
2
0
0
0
0
0
0
0
0
0
0
0
0
23
84
171
250
269
323
329
325
247
164
79
6
0
0
0
0
0
0
0
0
0
0
0
0
21
93
171
255
350
308
297
175
242
170
61
5
0
0
0
0
0
0
0
0
0
0
0
0
12
62
114
158
214
230
378
298
245
157
60
4
0
0
0
0
0
0
0
0
0
0
0
0
22
99
119
161
326
369
336
338
235
167
60
3
0
0
0
0
0
0
0
0
0
0
0
0
22
107
122
163
215
207
207
204
152
167
64
5
0
0
0
0
0
0
0
0
0
0
0
0
34
70
313
554
438
676
622
612
507
247
67
2
0
0
0
0
0
0
0
0
0
0
0
0
18
81
170
244
299
296
323
362
339
125
57
5
0
0
0
0
0
0
0
0
0
0
0
0
14
44
92
221
340
318
374
286
314
187
64
3
0
0
0
0
0
0
0
0
0
0
0
0
12
108
300
412
536
556
658
588
436
273
76
9
0
0
0
0
0
0
0
0
0
0
0
0
26
68
191
207
389
721
558
593
491
289
100
10
0
0
0
0
0
0
0
0
0
0
0
0
35
191
423
606
729
784
777
689
538
340
121
15
0
0
0
0
0
0
0
0
0
0
0
0
42
207
425
610
737
796
779
692
543
342
123
14
0
0
0
0
0
0
0
0
0
0
0
0
42
191
409
570
538
539
544
526
410
261
111
17
0
0
0
0
0
0
0
0
0
0
0
0
16
106
243
261
618
769
672
551
370
304
104
18
0
0
0
0
0
0
0
0
0
0
0
0
48
221
439
620
754
810
800
714
560
359
137
19
0
0
0
0
0
0
0
0
0
0
0
0
43
204
369
589
555
713
700
606
478
125
59
12
0
0
0
0
0
0
0
0
0
0
0
0
10
72
200
147
183
213
380
347
251
170
65
10
0
0
0
0
0
0
0
0
0
0
0
0
34
125
113
173
243
646
655
603
508
358
143
22
0
0
0
0
0
0
0
0
0
0
0
0
43
182
396
357
367
295
298
285
269
154
106
19
0
0
0
0
0
0
0
0
0
0
0
0
53
116
304
353
492
645
812
684
582
377
153
24
0
0
0
0
0
0
0
0
0
0
0
0
53
238
461
651
778
840
824
735
583
377
151
24
0
0
0
0
0
0
0
0
0
0
0
0
59
250
468
653
790
792
731
695
549
259
101
19
0
0
0
0
0
0
0
0
0
0
0
0
40
153
408
599
717
557
809
717
542
371
143
17
0
0
0
0
0
0
0
0
0
0
0
0
45
207
201
541
694
607
789
528
345
350
125
19
0
0
0
0
0
0
0
0
0
0
0
0
32
116
185
339
319
752
804
687
443
207
59
22
0
0
0
0
0
0
0
0
0
0
0
0
33
137
212
285
317
436
342
325
262
196
94
18
0
0
0
0
0
0
0
0
0
0
0
0
37
89
222
319
352
391
419
728
416
340
157
27
0
0
0
0
0
0
0
0
0
0
0
0
53
241
459
641
773
830
814
655
547
346
141
21
0
0
0
0
0
0
0
0
0
0
0
0
47
225
459
533
824
885
819
732
546
411
165
32
0
0
0
0
0
0
0
0
0
0
0
0
72
292
523
702
839
896
835
689
590
347
159
26
0
0
0
0
0
0
0
0
0
0
0
0
58
257
476
523
722
818
802
700
508
358
148
20
0
0
0
0
0
0
0
0
0
0
0
0
57
251
479
665
805
864
853
763
616
415
185
32
0
0
0
0
0
0
0
0
0
0
0
3
79
305
530
717
843
870
865
720
531
378
146
36
0
0
0
0
0
0
0
0
0
0
0
2
64
276
484
626
656
694
710
680
542
299
122
25
0
0
0
0
0
0
0
0
0
0
0
1
52
78
259
283
334
705
443
561
275
256
70
23
0
0
0
0
0
0
0
0
0
0
0
0
50
178
319
500
498
596
421
333
322
216
98
24
0
0
0
0
0
0
0
0
0
0
0
0
33
120
242
335
428
426
430
354
325
355
124
23
0
0
0
0
0
0
0
0
0
0
0
2
67
266
492
635
781
819
805
303
357
193
80
24
0
0
0
0
0
0
0
0
0
0
0
1
45
108
259
377
392
401
374
353
303
201
99
26
0
0
0
0
0
0
0
0
0
0
0
0
66
261
301
594
782
890
845
763
574
357
142
27
0
0
0
0
0
0
0
0
0
0
0
7
78
251
332
428
787
713
635
483
435
197
90
20
0
0
0
0
0
0
0
0
0
0
0
1
40
132
308
296
321
384
425
395
300
231
103
17
0
0
0
0
0
0
0
0
0
0
0
6
94
317
431
486
739
729
536
246
267
246
92
26
0
0
0
0
0
0
0
0
0
0
0
5
57
160
270
344
237
418
515
483
456
126
55
24
0
0
0
0
0
0
0
0
0
0
0
3
84
193
332
653
813
865
880
814
652
440
203
37
0
0
0
0
0
0
0
0
0
0
0
12
95
265
506
707
664
752
902
625
509
298
138
33
0
0
0
0
0
0
0
0
0
0
0
6
47
178
302
421
669
664
680
295
298
160
72
20
0
0
0
0
0
0
0
0
0
0
0
11
115
227
520
699
834
894
805
788
652
462
227
46
0
0
0
0
0
0
0
0
0
0
0
18
141
376
601
748
867
874
934
837
682
471
232
48
0
0
0
0
0
0
0
0
0
0
0
14
96
179
363
489
665
811
753
839
395
223
132
24
0
0
0
0
0
0
0
0
0
0
0
9
58
86
301
330
422
526
588
595
573
419
217
41
0
0
0
0
0
0
0
0
0
0
0
11
105
262
591
608
705
731
856
665
564
286
145
24
0
0
0
0
0
0
0
0
0
0
0
1
56
99
269
472
316
505
660
608
432
261
189
41
0
0
0
0
0
0
0
0
0
0
0
10
70
168
245
341
384
447
395
363
315
225
72
33
0
0
0
0
0
0
0
0
0
0
0
17
91
107
316
400
275
431
456
414
327
218
124
29
0
0
0
0
0
0
0
0
0
0
0
22
156
381
582
751
923
964
857
650
611
428
224
50
0
0
0
0
0
0
0
0
0
0
0
15
115
325
578
770
896
948
929
830
663
446
207
40
0
0
0
0
0
0
0
0
0
0
0
31
162
414
590
760
812
892
868
740
565
382
166
43
0
0
0
0
0
0
0
0
0
0
0
14
59
285
260
288
447
343
318
366
336
269
154
35
0
0
0
0
0
0
0
0
0
0
0
16
106
185
253
442
672
900
900
839
650
350
176
32
0
0
0
0
0
0
0
0
0
0
0
14
78
177
232
294
450
379
428
549
345
229
92
26
0
0
0
0
0
0
0
0
0
0
0
16
76
220
416
747
854
791
710
824
643
459
217
48
0
0
0
0
0
0
0
0
0
0
0
5
87
181
282
324
491
1005
918
822
483
412
241
48
0
0
0
0
0
0
0
0
0
0
0
17
75
210
321
363
479
402
405
363
344
230
135
22
0
0
0
0
0
0
0
0
0
0
0
22
102
188
347
417
489
444
436
376
495
298
183
38
0
0
0
0
0
0
0
0
0
0
0
26
105
242
381
688
573
497
348
475
408
331
121
45
0
0
0
0
0
0
0
0
0
0
0
11
89
113
267
334
489
394
415
227
357
231
131
34
0
0
0
0
0
0
0
0
0
0
0
26
108
114
387
662
753
503
615
438
252
237
117
24
0
0
0
0
0
0
0
0
0
0
0
20
137
145
314
512
665
537
395
362
311
272
119
29
0
0
0
0
0
0
0
0
0
0
0
23
188
403
625
746
916
883
914
819
638
400
201
42
0
0
0
0
0
0
0
0
0
0
0
14
121
383
324
403
225
318
353
222
264
205
100
34
0
0
0
0
0
0
0
0
0
0
0
27
95
206
692
799
949
971
962
870
684
464
211
54
0
0
0
0
0
0
0
0
0
0
0
53
211
406
497
782
919
925
907
819
662
462
270
65
0
0
0
0
0
0
0
0
0
0
0
39
174
404
491
819
956
998
962
862
707
502
267
63
0
0
0
0
0
0
0
0
0
0
0
27
90
302
561
636
892
817
866
830
656
442
167
46
0
0
0
0
0
0
0
0
0
0
0
21
124
122
289
326
260
564
820
491
534
422
251
56
0
0
0
0
0
0
0
0
0
0
0
53
247
486
703
876
989
1033
1005
906
732
480
254
58
0
0
0
0
0
0
0
0
0
0
0
46
221
473
645
819
905
999
967
820
662
471
241
50
0
0
0
0
0
0
0
0
0
0
0
23
133
279
360
505
828
996
810
757
700
427
263
61
0
0
0
0
0
0
0
0
0
0
0
45
219
440
609
742
751
893
914
862
696
492
257
57
0
0
0
0
0
0
0
0
0
0
0
34
84
150
272
401
250
497
783
599
566
455
255
53
0
0
0
0
0
0
0
0
0
0
0
18
128
168
280
320
423
492
907
736
667
492
258
65
1
0
0
0
0
0
0
0
0
0
0
53
246
498
705
869
974
1004
976
880
720
517
287
72
3
0
0
0
0
0
0
0
0
0
0
31
158
249
636
855
966
953
918
809
676
426
271
71
2
0
0
0
0
0
0
0
0
0
0
39
154
425
623
754
842
969
734
832
682
484
264
63
1
0
0
0
0
0
0
0
0
0
0
36
192
430
643
718
814
914
915
841
687
446
279
69
2
0
0
0
0
0
0
0
0
0
0
26
107
233
391
473
692
806
613
352
335
332
147
53
2
0
0
0
0
0
0
0
0
0
0
29
86
111
286
322
398
503
406
441
315
232
143
51
2
0
0
0
0
0
0
0
0
0
1
41
120
251
346
388
459
488
443
398
514
412
163
55
0
0
0
0
0
0
0
0
0
0
0
16
200
467
671
632
971
977
415
457
563
233
108
28
0
0
0
0
0
0
0
0
0
0
0
5
37
119
92
112
114
96
76
153
186
181
51
18
1
0
0
0
0
0
0
0
0
0
0
8
71
224
202
397
191
491
947
601
446
156
78
27
0
0
0
0
0
0
0
0
0
0
0
38
147
222
506
391
307
539
626
672
755
442
258
37
0
0
0
0
0
0
0
0
0
0
0
65
236
497
627
742
1014
876
469
586
651
353
315
84
0
0
0
0
0
0
0
0
0
0
1
84
287
503
666
704
898
960
922
759
634
349
165
32
0
0
0
0
0
0
0
0
0
0
0
79
281
510
723
841
876
824
856
584
557
447
174
46
0
0
0
0
0
0
0
0
0
0
0
31
178
270
488
606
460
458
301
135
243
165
148
20
1
0
0
0
0
0
0
0
0
0
0
8
58
91
287
479
974
852
900
383
673
545
316
97
0
0
0
0
0
0
0
0
0
0
12
100
328
568
786
956
1060
1096
1062
954
784
569
333
107
10
0
0
0
0
0
0
0
0
0
0
100
322
542
767
932
1005
1088
1057
927
753
542
309
95
0
0
0
0
0
0
0
0
0
0
0
84
295
531
720
848
490
398
586
521
549
383
193
68
1
0
0
0
0
0
0
0
0
0
1
19
56
121
139
368
460
554
801
772
502
417
265
63
0
0
0
0
0
0
0
0
0
0
1
38
131
389
596
645
577
908
891
906
738
533
312
97
5
0
0
0
0
0
0
0
0
0
1
33
144
192
296
350
389
439
444
426
338
111
230
32
1
0
0
0
0
0
0
0
0
0
0
8
94
162
145
275
727
918
875
912
784
538
277
74
2
0
0
0
0
0
0
0
0
0
1
51
126
153
349
463
799
1006
902
819
688
444
266
84
2
0
0
0
0
0
0
0
0
0
2
81
270
484
689
722
731
868
831
818
521
483
318
112
1
0
0
0
0
0
0
0
0
0
2
111
332
562
775
941
1038
1074
1040
925
772
562
347
120
14
0
0
0
0
0
0
0
0
0
5
93
311
561
775
939
1039
1071
1027
916
767
559
330
110
1
0
0
0
0
0
0
0
0
0
2
42
172
260
338
415
252
192
227
157
149
109
63
38
1
0
0
0
0
0
0
0
0
0
1
20
75
205
180
407
431
619
782
764
645
474
223
50
3
0
0
0
0
0
0
0
0
0
1
23
64
80
198
361
612
927
931
783
673
400
230
38
4
0
0
0
0
0
0
0
0
0
2
42
173
394
378
773
810
606
996
880
497
192
116
56
3
0
0
0
0
0
0
0
0
0
5
56
156
389
578
864
1032
1070
998
863
742
546
322
112
3
0
0
0
0
0
0
0
0
0
2
63
207
386
706
899
1004
1031
996
899
740
542
324
116
5
0
0
0
0
0
0
0
0
0
1
39
244
403
642
659
833
886
881
785
738
542
319
104
12
0
0
0
0
0
0
0
0
0
1
84
263
409
627
835
959
992
874
870
644
519
291
66
3
0
0
0
0
0
0
0
0
0
0
32
68
119
96
7
50
320
1009
438
214
74
75
105
18
0
0
0
0
0
0
0
0
0
3
77
306
490
727
582
913
630
110
433
383
110
72
30
3
0
0
0
0
0
0
0
0
0
5
121
132
165
507
696
629
792
900
828
792
520
235
97
2
0
0
0
0
0
0
0
0
0
4
25
216
210
554
797
597
931
889
807
607
452
300
117
6
0
0
0
0
0
0
0
0
0
2
33
263
487
682
585
833
954
919
745
669
494
316
109
6
0
0
0
0
0
0
0
0
0
4
59
149
300
426
640
748
661
856
845
641
484
251
115
7
0
0
0
0
0
0
0
0
0
3
44
99
164
220
716
766
653
822
686
636
234
293
132
7
0
0
0
0
0
0
0
0
0
3
97
228
466
463
807
951
893
875
769
658
450
307
116
7
0
0
0
0
0
0
0
0
0
4
72
261
456
683
848
950
986
952
852
663
489
275
98
6
0
0
0
0
0
0
0
0
0
3
87
287
518
686
886
961
963
942
872
747
527
305
107
7
0
0
0
0
0
0
0
0
0
4
82
157
447
723
878
977
1012
983
890
702
468
271
77
9
0
0
0
0
0
0
0
0
0
4
72
144
434
416
634
758
865
955
881
594
539
331
127
8
0
0
0
0
0
0
0
0
0
3
78
229
365
436
790
888
934
956
860
668
500
329
121
7
0
0
0
0
0
0
0
0
0
2
52
124
396
675
857
665
600
625
895
591
515
306
111
8
0
0
0
0
0
0
0
0
0
4
35
117
246
544
681
849
852
871
664
732
419
300
113
10
0
0
0
0
0
0
0
0
0
2
37
128
232
305
409
622
959
883
603
255
320
125
93
8
0
0
0
0
0
0
0
0
0
2
37
218
151
210
255
284
294
358
325
217
160
95
50
6
0
0
0
0
0
0
0
0
0
4
32
250
165
220
391
631
461
291
564
349
426
309
62
7
0
0
0
0
0
0
0
0
0
3
103
254
316
624
818
802
751
824
457
549
402
273
62
10
0
0
0
0
0
0
0
0
0
3
46
246
271
683
743
891
695
893
832
696
448
268
98
11
0
0
0
0
0
0
0
0
0
4
91
176
470
679
833
911
1022
780
715
601
548
303
115
13
0
0
0
0
0
0
0
0
0
3
41
198
200
535
487
749
625
289
404
225
170
133
55
13
0
0
0
0
0
0
0
0
0
3
69
169
427
537
697
728
771
925
729
689
298
186
84
11
0
0
0
0
0
0
0
0
0
3
96
291
489
716
809
905
1011
436
771
685
557
254
125
10
0
0
0
0
0
0
0
0
0
5
75
243
437
534
687
940
792
760
365
591
506
227
108
11
0
0
0
0
0
0
0
0
0
2
79
221
470
699
856
871
845
927
846
694
506
163
68
9
0
0
0
0
0
0
0
0
0
3
81
271
489
690
848
900
906
929
831
731
404
259
112
10
0
0
0
0
0
0
0
0
0
3
96
303
520
716
870
970
1009
984
897
516
509
331
128
10
0
0
0
0
0
0
0
0
0
3
100
231
467
711
781
918
966
988
899
755
568
355
147
13
0
0
0
0
0
0
0
0
0
4
113
320
538
733
886
986
1016
987
853
687
585
370
156
15
0
0
0
0
0
0
0
0
0
3
101
310
527
723
876
977
1016
991
905
763
576
361
149
13
0
0
0
0
0
0
0
0
0
2
60
155
433
436
683
882
933
929
835
488
392
255
122
12
0
0
0
0
0
0
0
0
0
2
50
197
299
665
768
937
927
927
660
403
498
246
126
11
0
0
0
0
0
0
0
0
0
10
88
232
481
429
748
838
1056
903
872
755
584
337
154
26
0
0
0
0
0
0
0
0
0
8
55
193
463
638
754
965
979
653
774
732
470
299
101
16
0
0
0
0
0
0
0
0
0
3
51
293
496
688
870
746
941
974
845
609
302
231
106
20
0
0
0
0
0
0
0
0
0
9
79
255
430
528
789
963
763
787
943
683
427
255
105
25
0
0
0
0
0
0
0
0
0
5
79
180
480
630
678
899
932
962
647
646
350
336
118
25
0
0
0
0
0
0
0
0
0
8
104
257
295
644
877
965
906
978
764
422
458
294
120
26
0
0
0
0
0
0
0
0
0
0
68
171
568
666
720
797
855
980
830
754
475
346
138
28
0
0
0
0
0
0
0
0
0
7
66
223
471
762
765
928
890
939
686
474
299
217
145
24
0
0
0
0
0
0
0
0
0
4
82
214
377
500
563
610
740
679
587
767
563
316
145
15
0
0
0
0
0
0
0
0
0
3
43
117
241
243
217
290
365
680
602
552
379
247
42
20
0
0
0
0
0
0
0
0
0
3
39
137
246
331
401
434
500
497
465
395
173
181
82
7
0
0
0
0
0
0
0
0
0
2
50
114
199
295
577
871
458
412
792
605
451
216
123
17
0
0
0
0
0
0
0
0
0
1
54
200
410
635
823
940
972
896
846
728
574
353
141
22
0
0
0
0
0
0
0
0
0
4
68
228
395
678
735
685
900
664
796
676
554
267
135
19
0
0
0
0
0
0
0
0
0
5
54
196
497
619
781
980
809
813
645
759
512
246
138
20
0
0
0
0
0
0
0
0
0
3
59
114
309
619
791
910
828
898
821
733
553
365
148
25
0
0
0
0
0
0
0
0
0
2
62
272
424
521
838
948
962
937
913
776
581
368
151
25
0
0
0
0
0
0
0
0
0
2
78
264
465
669
793
928
947
935
834
726
516
359
140
23
0
0
0
0
0
0
0
0
0
1
68
253
462
653
766
832
951
978
828
673
375
131
49
13
0
0
0
0
0
0
0
0
0
1
44
93
240
275
303
374
396
255
359
685
374
142
84
10
0
0
0
0
0
0
0
0
0
0
18
69
182
320
489
683
608
680
757
709
493
245
61
11
0
0
0
0
0
0
0
0
0
1
58
269
470
696
865
973
1017
1001
916
773
578
353
127
15
0
0
0
0
0
0
0
0
0
2
73
272
492
652
790
924
969
931
908
760
571
350
135
19
0
0
0
0
0
0
0
0
0
0
54
147
472
689
843
899
1009
989
903
759
568
347
131
18
0
0
0
0
0
0
0
0
0
1
18
184
452
663
801
940
981
930
885
709
515
309
108
14
0
0
0
0
0
0
0
0
0
2
52
153
325
574
690
930
757
900
710
728
536
242
85
20
0
0
0
0
0
0
0
0
0
0
55
104
201
400
688
940
954
871
868
689
468
232
91
18
0
0
0
0
0
0
0
0
0
0
43
249
455
669
814
901
857
759
904
529
244
263
61
11
0
0
0
0
0
0
0
0
0
2
57
213
403
600
768
944
954
920
737
490
284
232
93
12
0
0
0
0
0
0
0
0
0
1
26
178
349
517
643
737
328
378
513
250
224
143
52
10
0
0
0
0
0
0
0
0
0
0
24
110
200
336
505
461
821
713
401
355
334
248
124
14
0
0
0
0
0
0
0
0
0
1
63
255
388
668
504
733
918
905
670
561
353
247
96
17
0
0
0
0
0
0
0
0
0
0
43
184
202
375
533
876
724
578
775
146
164
77
30
7
0
0
0
0
0
0
0
0
0
0
19
91
207
311
385
491
830
803
622
576
404
220
71
6
0
0
0
0
0
0
0
0
0
1
46
173
448
650
791
869
905
905
697
670
434
323
85
16
0
0
0
0
0
0
0
0
0
0
31
195
329
602
761
578
848
901
737
617
468
285
81
7
0
0
0
0
0
0
0
0
0
0
54
255
472
659
818
753
941
950
834
729
566
343
125
16
0
0
0
0
0
0
0
0
0
0
42
217
438
649
572
951
859
888
711
689
507
297
75
9
0
0
0
0
0
0
0
0
0
0
48
236
321
670
694
640
755
599
567
483
363
150
104
12
0
0
0
0
0
0
0
0
0
0
43
135
316
599
796
797
950
865
799
600
531
318
87
11
0
0
0
0
0
0
0
0
0
0
59
257
484
690
859
894
862
865
906
701
565
149
88
7
0
0
0
0
0
0
0
0
0
0
46
220
449
659
834
941
992
970
852
704
507
298
92
7
0
0
0
0
0
0
0
0
0
0
59
260
413
642
798
927
940
920
784
658
519
305
101
9
0
0
0
0
0
0
0
0
0
0
43
188
356
508
759
851
883
746
659
673
475
249
59
3
0
0
0
0
0
0
0
0
0
0
40
179
283
593
827
735
983
879
810
663
509
304
92
6
0
0
0
0
0
0
0
0
0
0
30
139
301
532
718
842
869
647
792
695
485
292
87
4
0
0
0
0
0
0
0
0
0
0
34
211
374
636
744
731
909
938
578
623
468
290
95
6
0
0
0
0
0
0
0
0
0
0
39
164
315
582
681
746
930
779
884
578
398
167
68
3
0
0
0
0
0
0
0
0
0
0
21
91
385
577
734
800
954
751
507
499
403
217
67
1
0
0
0
0
0
0
0
0
0
0
21
80
181
435
717
799
969
944
740
651
462
244
57
1
0
0
0
0
0
0
0
0
0
0
33
74
348
650
787
934
982
959
865
708
494
278
74
3
0
0
0
0
0
0
0
0
0
0
33
217
422
646
825
935
986
959
865
659
476
282
70
0
0
0
0
0
0
0
0
0
0
0
34
120
258
607
794
841
941
924
804
598
472
228
46
1
0
0
0
0
0
0
0
0
0
0
43
189
451
654
820
876
931
914
744
725
476
251
58
0
0
0
0
0
0
0
0
0
0
0
51
223
427
636
801
879
750
804
797
673
477
248
75
4
0
0
0
0
0
0
0
0
0
0
19
159
384
552
773
892
916
882
827
635
440
207
44
0
0
0
0
0
0
0
0
0
0
0
36
197
412
644
812
925
965
936
846
689
486
256
57
1
0
0
0
0
0
0
0
0
0
0
48
227
457
669
835
942
939
895
834
689
440
264
64
0
0
0
0
0
0
0
0
0
0
0
41
209
440
631
806
886
876
856
473
378
229
109
41
0
0
0
0
0
0
0
0
0
0
0
34
166
330
660
672
823
951
890
773
546
397
235
53
0
0
0
0
0
0
0
0
0
0
0
28
121
271
570
714
860
926
676
744
637
439
215
38
0
0
0
0
0
0
0
0
0
0
0
36
188
408
613
792
911
942
915
776
631
426
212
46
0
0
0
0
0
0
0
0
0
0
0
13
46
132
340
601
707
818
944
744
468
376
126
18
0
0
0
0
0
0
0
0
0
0
0
24
90
367
443
520
852
890
590
364
452
306
150
43
0
0
0
0
0
0
0
0
0
0
0
11
78
440
402
354
458
615
387
270
362
218
75
18
0
0
0
0
0
0
0
0
0
0
0
20
105
241
248
752
741
975
782
746
562
334
198
36
0
0
0
0
0
0
0
0
0
0
0
30
190
341
597
726
671
768
691
658
607
217
164
37
0
0
0
0
0
0
0
0
0
0
0
24
152
303
438
866
889
726
785
715
550
345
207
32
0
0
0
0
0
0
0
0
0
0
0
19
120
287
468
699
694
684
600
707
551
349
180
27
0
0
0
0
0
0
0
0
0
0
0
25
146
376
350
195
512
418
375
626
568
368
192
27
0
0
0
0
0
0
0
0
0
0
0
30
198
427
638
808
920
967
933
808
654
438
206
28
0
0
0
0
0
0
0
0
0
0
0
25
186
407
612
786
901
941
914
813
664
438
199
26
0
0
0
0
0
0
0
0
0
0
0
23
177
391
600
783
889
923
899
794
625
383
170
19
0
0
0
0
0
0
0
0
0
0
0
20
155
359
599
770
881
844
805
723
523
302
130
16
0
0
0
0
0
0
0
0
0
0
0
30
131
320
592
735
741
889
728
563
243
292
113
3
0
0
0
0
0
0
0
0
0
0
0
18
151
256
325
499
516
220
699
638
337
32
19
23
0
0
0
0
0
0
0
0
0
0
0
3
18
92
253
326
782
731
650
629
551
397
176
17
0
0
0
0
0
0
0
0
0
0
0
22
161
391
597
814
872
836
674
716
521
261
153
30
0
0
0
0
0
0
0
0
0
0
0
34
189
417
630
806
917
955
917
806
630
413
178
17
0
0
0
0
0
0
0
0
0
0
0
22
189
425
638
813
927
967
931
804
640
420
179
15
0
0
0
0
0
0
0
0
0
0
0
23
193
425
644
804
926
964
919
800
624
402
171
12
0
0
0
0
0
0
0
0
0
0
0
22
180
418
610
788
894
926
879
726
530
315
113
11
0
0
0
0
0
0
0
0
0
0
0
12
136
206
337
839
893
917
816
727
653
300
105
3
0
0
0
0
0
0
0
0
0
0
0
22
127
371
607
808
726
764
883
754
574
283
93
8
0
0
0
0
0
0
0
0
0
0
0
5
33
252
445
705
886
920
893
759
626
361
142
8
0
0
0
0
0
0
0
0
0
0
0
14
166
352
549
575
755
599
595
617
411
317
141
7
0
0
0
0
0
0
0
0
0
0
0
15
136
340
517
666
846
939
891
775
597
356
160
9
0
0
0
0
0
0
0
0
0
0
0
14
102
233
387
697
725
830
799
647
459
251
111
8
0
0
0
0
0
0
0
0
0
0
0
16
110
275
557
652
785
859
515
592
571
295
135
5
0
0
0
0
0
0
0
0
0
0
0
16
164
385
598
773
896
831
857
749
574
373
134
5
0
0
0
0
0
0
0
0
0
0
0
13
143
364
572
729
867
857
864
756
553
330
116
2
0
0
0
0
0
0
0
0
0
0
0
6
77
300
460
632
772
824
680
323
429
365
119
3
0
0
0
0
0
0
0
0
0
0
0
21
126
202
443
449
873
754
591
590
347
321
117
13
0
0
0
0
0
0
0
0
0
0
0
19
75
245
304
474
396
790
744
657
520
181
79
7
0
0
0
0
0
0
0
0
0
0
0
21
47
166
271
371
335
701
511
497
382
243
102
7
0
0
0
0
0
0
0
0
0
0
0
28
159
396
602
758
857
883
838
726
555
339
116
13
0
0
0
0
0
0
0
0
0
0
0
22
150
369
566
762
819
763
815
660
481
277
71
3
0
0
0
0
0
0
0
0
0
0
0
20
120
193
523
605
717
684
792
612
454
304
90
4
0
0
0
0
0
0
0
0
0
0
0
13
116
273
501
432
540
708
676
465
457
261
83
4
0
0
0
0
0
0
0
0
0
0
0
22
124
274
529
450
681
691
549
549
243
189
60
3
0
0
0
0
0
0
0
0
0
0
0
10
111
232
506
523
390
708
722
536
347
217
62
1
0
0
0
0
0
0
0
0
0
0
0
9
78
119
444
560
549
616
440
589
388
268
76
2
0
0
0
0
0
0
0
0
0
0
0
8
85
241
327
647
754
644
563
627
447
217
80
2
0
0
0
0
0
0
0
0
0
0
0
16
133
355
564
727
827
775
758
635
466
266
67
0
0
0
0
0
0
0
0
0
0
0
0
15
132
353
562
729
827
852
801
683
502
280
70
2
0
0
0
0
0
0
0
0
0
0
0
22
147
369
574
687
763
857
798
651
471
273
74
3
0
0
0
0
0
0
0
0
0
0
0
22
144
360
564
681
748
790
758
562
413
231
52
2
0
0
0
0
0
0
0
0
0
0
0
17
129
363
572
733
826
843
800
679
505
287
71
0
0
0
0
0
0
0
0
0
0
0
0
21
134
342
525
681
760
772
645
611
444
253
62
0
0
0
0
0
0
0
0
0
0
0
0
14
109
228
342
637
605
734
558
607
415
238
59
0
0
0
0
0
0
0
0
0
0
0
0
14
119
302
461
546
691
727
716
598
470
251
63
0
0
0
0
0
0
0
0
0
0
0
0
9
91
201
499
611
709
629
681
531
441
236
53
0
0
0
0
0
0
0
0
0
0
0
0
8
64
190
370
328
662
638
634
521
360
182
36
0
0
0
0
0
0
0
0
0
0
0
0
5
53
109
448
686
712
750
644
597
373
193
47
0
0
0
0
0
0
0
0
0
0
0
0
7
84
301
369
667
560
635
507
269
307
149
24
0
0
0
0
0
0
0
0
0
0
0
0
5
68
198
325
377
549
694
576
588
383
200
40
0
0
0
0
0
0
0
0
0
0
0
0
14
117
325
497
624
740
656
401
429
347
186
44
0
0
0
0
0
0
0
0
0
0
0
0
7
103
308
510
631
728
739
725
610
436
228
50
0
0
0
0
0
0
0
0
0
0
0
0
5
77
140
220
285
401
430
274
121
180
98
18
0
0
0
0
0
0
0
0
0
0
0
0
6
69
235
414
567
713
475
653
474
420
220
52
0
0
0
0
0
0
0
0
0
0
0
0
4
64
166
357
370
615
644
635
507
362
200
43
0
0
0
0
0
0
0
0
0
0
0
0
5
37
141
174
389
424
516
361
395
316
161
30
0
0
0
0
0
0
0
0
0
0
0
0
5
28
76
216
286
323
377
288
359
352
146
37
0
0
0
0
0
0
0
0
0
0
0
0
4
87
289
483
617
708
725
371
566
397
198
39
0
0
0
0
0
0
0
0
0
0
0
0
6
94
310
504
640
627
740
680
607
431
221
49
0
0
0
0
0
0
0
0
0
0
0
0
6
91
300
502
655
749
769
685
426
410
109
35
0
0
0
0
0
0
0
0
0
0
0
0
7
76
228
412
603
611
659
534
570
305
166
36
0
0
0
0
0
0
0
0
0
0
0
0
1
54
155
315
185
258
236
325
238
221
122
12
0
0
0
0
0
0
0
0
0
0
0
0
1
78
214
408
438
574
575
586
533
369
177
39
0
0
0
0
0
0
0
0
0
0
0
0
0
33
93
197
274
300
439
506
346
254
114
29
0
0
0
0
0
0
0
0
0
0
0
0
0
44
174
434
585
688
717
668
549
375
171
33
0
0
0
0
0
0
0
0
0
0
0
0
6
84
290
488
639
732
753
706
590
415
206
46
0
0
0
0
0
0
0
0
0
0
0
0
6
52
102
469
617
707
731
685
568
402
198
43
0
0
0
0
0
0
0
0
0
0
0
0
0
21
123
283
389
351
652
623
497
369
179
34
0
0
0
0
0
0
0
0
0
0
0
0
1
41
182
234
289
323
414
407
273
345
122
20
0
0
0
0
0
0
0
0
0
0
0
0
0
24
97
114
132
392
397
351
250
141
71
29
0
0
0
0
0
0
0
0
0
0
0
0
0
47
160
363
283
620
658
613
534
348
176
35
0
0
0
0
0
0
0
0
0
0
0
0
0
28
182
399
431
628
667
575
444
324
172
30
0
0
0
0
0
0
0
0
0
0
0
0
0
59
161
276
518
619
574
616
423
302
105
31
0
0
0
0
0
0
0
0
0
0
0
0
0
30
102
206
308
265
274
298
225
165
93
13
0
0
0
0
0
0
0
0
0
0
0
0
0
23
79
212
180
208
198
190
160
189
95
13
0
0
0
0
0
0
0
0
0
0
0
0
0
37
73
135
281
306
342
191
167
110
60
11
0
0
0
0
0
0
0
0
0
0
0
0
0
20
113
204
283
329
352
312
410
335
104
25
0
0
0
0
0
0
0
0
0
0
0
0
0
23
107
189
229
382
586
605
257
110
71
17
0
0
0
0
0
0
0
0
0
0
0
0
0
37
93
158
310
628
638
606
489
198
100
21
0
0
0
0
0
0
0
0
0
0
0
0
0
54
230
424
575
666
694
648
538
368
170
33
0
0
0
0
0
0
0
0
0
0
0
0
0
55
198
338
532
617
630
439
338
135
91
18
0
0
0
0
0
0
0
0
0
0
0
0
0
18
82
185
232
455
446
474
243
184
99
22
0
0
0
0
0
0
0
0
0
0
0
0
0
43
200
386
532
629
649
607
502
338
149
25
0
0
0
0
0
0
0
0
0
0
0
0
0
23
97
234
534
430
646
481
437
230
139
21
0
0
0
0
0
0
0
0
0
0
0
0
0
30
147
256
489
446
239
236
229
156
62
15
0
0
0
0
0
0
0
0
0
0
0
0
0
22
100
202
250
298
465
425
291
196
70
8
0
0
0
0
0
0
0
0
0
0
0
0
0
23
68
114
152
203
209
177
164
114
102
25
0
0
0
0
0
0
0
0
0
0
0
0
0
33
205
405
560
653
682
645
540
376
169
33
0
0
0
0
0
0
0
0
0
0
0
0
0
33
202
390
555
653
686
642
534
366
161
13
0
0
0
0
0
0
0
0
0
0
0
0
0
31
194
385
541
638
671
629
522
353
159
12
0
0
0
0
0
0
0
0
0
0
0
0
0
26
176
403
557
653
601
441
526
377
166
15
0
0
0
0
0
0
0
0
0
0
0
0
0
38
161
359
299
304
248
344
272
161
79
3
0
0
0
0
0
0
0
0
0
0
0
0
0
0
17
96
170
109
111
51
47
44
13
3
0
0
0
0
0
0
0
0
0
0
0
0
0
8
64
231
407
375
194
454
215
118
43
5
0
0
0
0
0
0
0
0
0
0
0
0
0
16
57
84
141
64
164
176
324
168
121
7
0
0
0
0
0
0
0
0
0
0
0
0
0
6
49
129
222
455
638
588
333
246
166
7
0
0
0
0
0
0
0
0
0
0
0
0
0
5
53
135
281
353
351
312
295
200
88
11
0
0
0
0
0
0
0
0
0
0
0
0
0
7
53
113
203
506
631
601
466
325
141
14
0
0
0
0
0
0
0
0
0
0
0
0
0
24
186
247
515
517
636
533
434
347
99
9
0
0
0
0
0
0
0
0
0
0
0
0
0
6
22
79
140
76
142
83
103
159
36
3
0
0
0
0
0
0
0
0
0
0
0
0
0
3
31
80
123
162
191
84
158
97
57
9
0
0
0
0
0
0
0
0
0
0
0
0
0
18
154
330
495
600
635
605
501
339
156
16
0
0
0
0
0
0
0
0
0
0
0
0
0
19
155
324
491
459
654
605
498
347
160
17
0
0
0
0
0
0
0
0
0
0
0
0
0
15
91
165
238
223
329
402
245
230
142
17
0
0
0
0
0
0
0
0
0
0
0
0
0
19
170
362
522
628
667
633
530
372
172
18
0
0
0
0
0
0
0
0
0
0
0
0
0
18
130
129
260
299
206
247
134
90
38
5
0
0
0
0
0
0
0
0
0
0
0
0
0
3
23
51
85
112
110
112
133
119
64
9
0
0
0
0
0
0
0
0
0
0
0
0
0
4
34
75
109
211
462
582
502
351
167
20
0
0
0
0
0
0
0
0
0
0
0
0
0
7
46
318
491
603
635
619
502
339
155
17
0
0
0
0
0
0
0
0
0
0
0
0
0
15
152
342
497
599
656
596
462
266
80
12
0
0
0
0
0
0
0
0
0
0
0
0
0
2
21
75
111
193
187
203
248
287
156
23
0
0
0
0
0
0
0
0
0
0
0
0
0
17
116
339
506
606
647
622
524
369
180
24
0
0
0
0
0
0
0
0
0
0
0
0
0
12
140
329
498
612
639
633
535
379
188
23
0
0
0
0
0
0
0
0
0
0
0
0
0
12
114
303
352
477
586
537
348
238
139
23
0
0
0
0
0
0
0
0
0
0
0
0
0
13
140
326
492
602
645
621
533
382
194
27
0
0
0
0
0
0
0
0
0
0
0
0
0
25
118
322
444
538
441
453
324
241
108
14
0
0
0
0
0
0
0
0
0
0
0
0
0
0
21
22
53
66
116
97
62
37
21
6
0
0
0
0
0
0
0
0
0
0
0
0
0
10
74
146
299
543
633
624
530
378
188
28
0
0
0
0
0
0
